4626
815
5327
8051
11024
1307
8487
1306
2189
2190
3116
3117
2919
8088
8089
923
5442
525
13620
414
2167
2170
2168
2171
2169
2172
323
3479
7621
7622
13618
3307
403
404
13622
4501
3045
3073
3074
3075
3076
3028
3029
3030
3031
3032
3033
3034
3035
3036
3037
3038
3039
3040
3041
3042
3043
3044
3051
3052
3053
3054
5195
5196
5197
5198
5199
5200
5201
5202
5203
3046
5192
5193
5204
5205
5206
5207
5208
337
6743
3308
9476
2587
2589
2590
3320
2588
239
451
448
457
450
456
452
453
455
449
454
2476
2475
2474
8503
9477
3305
2619
419
420
817
955
956
961
3237
3707
3708
4431
3234
5640
5641
5642
3137
3480
260
261
262
263
264
8073
8076
8082
7868
7869
7870
7156
7157
440
437
442
438
439
441
11241
11242
11245
11243
11244
1173
1174
10495
10496
9488
10494
10497
2804
2805
2806
3661
3662
7252
2075
2076
2077
2078
2079
2080
2081
2082
2083
2084
7251
4770
2540
2541
12844
12845
12846
12847
3851
3852
2090
2091
2092
2093
7262
14422
101
103
100
102
3244
3114
11921
11919
11918
11920
3243
1274
1273
1275
4105
2987
2057
2056
510
5088
5089
512
5086
5087
2058
2059
2483
2481
520
2827
10888
14042
4067
6102
6103
6410
6411
6412
6413
6408
6409
443
444
445
446
447
7247
7248
7865
7866
7867
2005
2006
2007
2008
2018
7656
7657
7664
944
943
2790
2793
2791
2795
5842
5779
2480
3024
13001
2479
5242
5549
481
483
4276
4279
4278
4277
4733
13282
513
1461
6996
3606
2233
1153
136
2095
2096
518
519
1622
6665
1619
6662
1621
6664
1624
6667
1623
6666
1620
6663
3140
4813
2137
2138
2139
2140
2141
2142
2463
2465
2467
2464
2466
2468
3607
3608
3609
2865
2866
2867
5007
3134
2841
2851
13802
2842
3127
2999
4420
11924
3254
11923
11922
3269
11945
11946
3271
3270
11942
11947
11944
3273
3274
11943
11916
11914
11913
11911
11917
11915
11912
5418
11939
11937
11938
1399
5215
8042
11019
12621
4163
965
4304
963
4303
7241
415
416
11239
732
3257
4244
4245
408
407
409
406
13801
13800
4083
8050
2
3
4
5
6
7
4210
433
434
435
436
3139
3106
6818
6987
8858
3014
3110
3265
11058
11057
3261
3108
6989
3652
3264
3109
6815
3107
6988
7245
2025
2026
2027
2028
2029
2030
2031
2032
7244
7246
7871
7872
7873
5079
5080
911
2875
3940
422
421
14423
2840
3444
3443
13525
13526
13527
3064
3055
3062
3060
3065
3067
3070
3072
3059
3066
3061
3058
3057
3262
3056
3069
3071
3068
3473
3133
7877
104
105
7256
5037
464
959
962
960
460
461
459
12003
2241
3288
3050
3286
3287
3289
3049
4181
480
2054
2516
2519
6608
7257
7864
2514
2517
2515
2518
922
5043
9636
2595
2611
2612
2594
2597
2599
2610
3136
2603
2607
2596
2604
2593
3135
2608
2609
2601
2605
2602
2598
2606
2600
5548
476
475
7249
423
11238
2579
4068
6956
4246
3101
3101
75
76
74
71
72
73
70
80
81
79
77
78
14428
14427
14426
82
83
2455
2839
3423
2838
8
11
957
958
2843
12630
12782
9309
9302
9299
9303
9301
12780
9311
9300
9307
9305
12779
9310
12781
12631
9304
9308
1632
6689
1625
6668
5604
6682
5597
5590
6696
5785
3561
10556
3563
2492
2513
2854
2855
289
7242
240
2048
2049
2050
2051
2052
5874
5875
5876
5877
7874
7875
7876
7243
265
267
266
269
268
5880
5879
5878
5881
5882
14103
14104
484
485
486
487
3138
1672
12316
12322
1673
12317
12323
1674
12318
12324
1675
12319
12325
1676
12320
12326
1677
12321
12327
3017
2477
3018
4101
4005
7250
4881
1219
12029
1877
5831
4143
936
937
938
939
940
941
942
114
7209
1277
1276
4694
1068
1069
1070
1071
1067
4987
410
411
4922
428
429
430
427
4930
4933
4962
270
271
7253
7259
7260
970
971
972
973
974
975
5340
8696
1816
1814
1815
2906
241
243
242
14105
14106
326
327
417
418
2903
1838
1839
2910
1543
412
413
4647
1422
468
467
466
465
2980
1879
1878
4288
4287
5044
11581
4184
11582
3533
4585
820
1809
1810
1811
3388
3879
3880
4286
3877
3878
115
109
274
275
7255
2985
5036
2911
530
11954
6406
6407
1443
1425
2061
7100
7115
7101
7102
7103
4407
3562
504
4422
2666
2996
4411
4412
4413
4414
2993
2992
4421
3893
2834
6824
1864
1866
1862
1861
1865
1863
4409
4417
4416
3240
463
462
12004
2173
2174
2175
2176
2177
2178
2179
2187
7679
2986
12311
12312
12398
3578
12313
12397
3582
3576
3575
3581
12305
12306
12307
12308
730
12612
12613
14132
1205
12050
12051
12052
3258
669
3392
5149
675
1193
1197
670
3391
5150
5816
2469
2853
2085
2087
2086
13797
2089
13796
2088
7879
7880
7878
5363
3643
2348
2355
2353
2351
2354
2350
2352
2349
6044
1050
1048
1051
1049
1047
1045
1043
1042
1044
1046
2862
2863
2864
2856
2857
2858
2859
2860
2861
9483
2510
2511
2512
3021
5293
5294
2267
2094
2234
5895
3616
3617
2830
6742
6750
6752
6753
6751
1145
5504
3292
7861
7862
7863
252
253
254
255
256
257
258
259
8084
8085
2849
11111
11109
531
6606
11110
3400
4849
4872
4873
4874
4875
4876
4877
4878
4879
4183
892
3456
7268
3612
6469
3613
626
121
120
1505
6739
2500
2499
2498
3891
7746
7747
4096
4097
4098
1010
3497
4069
4070
4071
4075
4256
470
469
5212
1475
1476
247
249
248
8075
8078
8079
251
250
3895
8147
2916
2917
1400
720
726
722
721
725
723
727
728
3481
3482
272
273
8080
7254
819
2870
10619
112
113
2454
3897
3898
3899
3900
8151
8152
9281
6474
6473
2872
3295
11935
11934
1431
3280
866
867
868
869
870
871
873
874
875
876
877
3015
3112
6991
11053
11054
3113
6992
3111
6990
10728
1636
1646
106
110
2490
2491
3912
4715
4716
4717
4718
5210
1351
2844
7269
1221
12030
12031
12032
1220
1494
1352
85
86
87
88
89
90
91
92
93
94
95
96
97
98
99
472
473
474
505
506
507
7263
7264
2527
2528
2529
2530
2531
2532
2533
2534
1470
4855
4856
4857
1272
292
1408
294
295
1401
1402
1403
1404
1406
1407
8496
290
296
1405
6436
6437
6434
6435
2880
4161
679
8402
8403
8404
8405
1348
11650
648
699
649
700
650
652
653
701
703
704
651
654
702
705
4340
3531
5871
8047
3529
4059
3528
4320
3520
4351
4348
4356
4057
4058
4158
5730
11940
5731
13240
13241
13242
13243
11941
14756
13236
13237
13238
13239
14755
14758
14757
11892
11948
1798
8149
1799
11949
11950
1800
1829
11951
5775
1373
2578
4122
4120
4121
2344
5607
5608
5609
5610
3027
2592
1637
1647
6531
1271
1270
4688
1061
4157
4018
5322
5323
990
991
992
993
994
4328
5139
5142
5143
5144
5145
5146
5329
5361
4687
8157
8165
8173
8045
11021
7620
3953
3961
2954
537
1024
533
535
538
637
1059
1057
1058
1075
1076
1077
787
789
788
791
790
793
792
304
3120
2191
2192
3118
3119
2193
3121
2194
3122
3125
3126
901
902
3394
4806
4807
901
902
3394
4806
4807
901
902
3394
4806
4807
2837
14043
8792
1102
4257
8791
8793
8794
8795
8838
9148
8797
8798
8842
8843
8046
9005
11022
968
4223
4882
3458
8480
8481
3212
6805
5304
8766
8767
8829
8830
9145
7780
8675
9146
8818
8819
8821
8822
8823
5316
823
306
1179
1181
3393
5422
6735
6737
6733
6732
6736
6734
3241
3639
4880
1638
1648
1639
1649
5734
4423
4424
5789
8252
8253
8254
8255
8256
8257
8258
8259
3712
3716
3720
3724
3728
3732
3751
3755
3759
3763
3711
3715
3719
3723
3727
3731
3750
3754
3758
3762
3710
3714
3718
3722
3726
3730
3749
3753
3757
3761
3709
3713
3717
3721
3725
3729
3748
3752
3756
3760
8300
8301
8302
8303
8304
8305
8306
8307
9740
9738
9736
9737
9742
9739
9741
9735
12034
1213
12025
12026
12027
12054
12055
12056
12057
12058
12059
3510
372
6748
954
1792
1793
1795
1796
1794
1797
2001
2584
1881
2984
2265
2266
2108
2112
2113
4306
4307
8052
8407
8409
8410
8154
8162
8170
2110
2111
3629
4243
4242
13655
5776
4736
3100
1038
2848
8676
8769
8825
8827
5250
3601
9263
9265
9266
9267
9268
9278
9279
8048
8145
8153
8161
8169
8997
8998
4929
4932
4935
1867
1869
3395
4771
8044
11020
5157
4326
4509
2318
4322
4323
4324
4506
4508
4510
4511
5140
5147
5148
5155
5159
5184
11262
5081
5085
1039
8686
2365
2397
3668
765
1642
1652
387
386
385
2691
2692
2788
2789
1299
1302
1308
2694
2697
2786
1300
1303
1309
2695
2698
2787
1178
1301
1304
2693
2696
2699
3329
5815
5819
11578
689
688
5067
5074
5062
5063
14
2639
8124
8129
8057
2641
4625
229
7331
1305
4931
4781
4782
5061
4801
4796
4783
4784
4703
4704
4705
4706
4703
4704
4705
4706
3095
4756
8019
8020
4353
4737
4094
2538
2536
2537
3432
8866
8867
8868
9014
8865
9248
2263
686
1269
5444
5191
2635
2636
4231
8034
8055
8111
8112
8113
8114
8115
8159
1
1846
8693
821
5330
5339
5332
5331
5336
5333
5338
5337
5334
5335
1444
1445
946
5625
5626
5627
945
5622
5623
5624
2886
11434
11435
10681
5510
685
107
108
7723
7284
6045
2228
4185
11583
1339
1338
1268
1267
4099
4100
5864
824
4280
3486
8698
529
527
3484
8400
528
3485
8401
4967
4968
4924
6816
3357
2812
0
12109
12765
7757
1644
1654
16
2914
2915
4691
1065
5447
5448
808
2154
2155
2156
2157
2158
2159
2160
2161
2162
2163
2164
2165
2166
7682
7683
7684
7685
7686
7687
1602
1346
4769
4820
4821
1026
6605
736
737
734
735
695
690
4167
4169
4168
4171
4170
4173
4172
4175
4174
4176
302
4695
1072
1073
1074
299
6741
3358
1369
303
301
4274
3459
3460
3231
2955
1152
5232
3321
5531
2098
13502
2100
13504
2099
13503
2102
2101
2103
7261
12850
12849
12848
10375
10374
10376
2918
4766
1362
1364
1363
4291
4298
4299
4292
4293
5841
3398
4853
4854
10477
10478
5832
2663
4454
5270
5983
6657
4802
4803
5068
5069
5070
5072
5073
7324
7789
6773
6774
5092
5083
5084
12622
4247
5217
3252
3253
7916
1448
5218
7915
5220
7914
5219
221
7327
3527
5916
5917
3924
3922
4797
4798
4799
4800
4799
5758
5762
5763
5759
5765
1668
5757
5764
5761
5760
5740
5744
5745
5741
5747
1667
5739
5746
5743
5742
3596
3585
3586
3592
3593
3594
3595
3588
3589
3590
3605
3602
4963
3022
13798
10722
5158
4063
683
682
1643
1653
2682
1460
6527
11591
11696
8702
4927
696
697
2470
5767
5771
5772
5768
5774
1670
5766
5773
5770
5769
4979
4978
4376
4377
4378
4379
4380
2664
1495
5209
4917
4761
1538
4445
3569
551
552
550
557
560
559
558
547
599
597
598
595
596
593
594
592
590
591
588
589
586
587
584
585
574
563
564
580
567
565
566
569
570
568
572
571
579
573
581
582
583
578
577
576
575
1224
776
3689
897
898
5090
5091
3548
11889
5237
2907
2908
6529
5134
5135
5136
917
918
741
742
8411
750
752
751
3141
1834
223
7328
4397
872
879
878
4707
2890
1791
2670
3568
3452
1025
888
5328
7297
7298
7299
7300
7301
997
4483
4484
4485
9635
5636
5639
3690
3691
3694
3695
3698
3699
9728
9727
4427
4428
4429
4430
4432
4487
5634
5637
5635
5638
4442
4443
4486
861
1260
3550
3549
1366
1367
1370
5038
5035
2569
9579
5056
3733
8238
9566
3734
3735
3736
3737
3738
3739
8239
8240
9567
9568
9569
9570
9571
9632
989
5048
3835
8049
8158
8166
8174
1842
1161
3291
6738
5792
3129
3020
6267
6271
980
981
982
983
984
985
986
987
988
1471
1412
1410
1409
1411
6047
6049
6046
6048
2881
10683
4923
8054
8156
8164
8172
3530
671
672
673
4367
391
390
6754
393
4325
5435
5783
5784
13429
322
2429
4305
1374
1375
1376
1377
1378
1388
1835
3201
5947
5963
5961
5946
5948
5962
5438
5441
4619
4252
4253
2105
2107
2106
2104
3105
3935
4984
12629
1358
4373
4381
4365
4364
4362
4368
4370
4369
4372
4371
4383
4389
4387
4393
4391
4395
4366
2882
5437
5440
5502
373
5500
374
847
848
841
842
829
827
828
844
834
835
836
839
837
838
840
852
854
855
853
3275
3651
5512
3276
1120
2978
4883
1609
1607
1608
1605
1603
1604
1606
6475
6477
6476
2638
4230
4236
8035
8118
5383
3583
3580
5384
5385
881
3570
3577
600
8993
2205
786
785
7456
3171
3170
3182
3175
3180
3178
3173
3176
3181
3177
3169
3179
3183
3172
3174
8682
4285
3162
2215
8761
3415
8847
8871
8872
8950
9016
3437
8944
3414
8758
8873
8874
8875
8876
3416
8869
8870
9149
2899
2883
2585
8724
3208
8725
5356
4708
4709
4985
4011
4012
4014
4015
4016
12092
12093
12094
11976
2347
2367
5428
5427
6744
379
6755
368
5822
2891
1790
4020
4021
561
562
524
6995
523
522
6994
1447
4043
4044
4045
4046
4047
4048
4049
4050
4051
4052
521
6993
3364
12472
12471
4646
4645
1098
1097
1671
1259
3132
5594
5591
5593
5596
5595
5592
2478
4561
3019
6094
5969
6095
6096
5970
5968
281
284
285
286
1554
1555
3904
3905
3906
3907
4053
4289
4290
4734
4735
5366
5367
5365
5371
2206
947
3984
298
297
2551
647
710
711
712
713
714
715
645
646
1439
7172
7173
7174
7663
3673
225
7329
321
2208
2207
2586
5426
4819
4822
4817
4818
3359
2989
882
227
7330
12
11292
3161
2244
3168
2212
11291
3160
2242
3167
2211
11290
3159
2243
3166
2210
1286
1285
2261
5940
2262
14425
5941
1442
7113
7170
7171
1442
7113
7170
7171
1645
1635
478
8701
2988
5919
5921
5920
3396
4810
4811
4812
2216
4317
5433
3996
3999
3997
3998
5054
5355
5354
5353
1163
4130
643
642
5129
4884
4885
4886
4887
4888
4889
763
3962
6379
3968
797
798
1165
1166
1167
1168
1169
1170
4310
4309
4308
4311
4314
4315
1783
7650
7651
6797
7108
7109
7110
509
1873
1871
1872
7955
2902
10675
2922
4634
4863
4864
1840
5837
4118
4890
4891
4892
4890
4891
4892
2410
2411
2227
6025
3957
3958
3963
3966
3964
3965
3956
2062
3959
5544
5545
5546
5938
5939
3950
1847
5836
1841
5835
7333
7332
5838
5839
3249
3247
3774
8043
12620
5550
1236
5443
5445
4563
4568
12062
4564
1640
1650
1641
1651
6533
639
1327
3433
3434
3436
8945
8961
8962
8963
8964
1852
1853
12851
12852
12853
3420
3421
3422
3664
3665
3653
8687
4064
6526
4160
4159
13482
4164
4166
4165
3628
3631
3630
5182
803
3468
3465
3464
3471
13559
3463
3470
3462
3469
3467
3466
3474
3475
3476
3478
5119
5128
5127
4010
8943
3858
3472
3861
3837
3856
6649
6650
3859
780
783
782
784
779
781
3873
3860
3855
6648
9306
3839
3838
3842
3841
3477
3142
2871
291
2213
2214
928
3102
3103
9013
9017
4969
5964
4970
5965
1211
12021
12022
12024
12020
12019
12023
1208
3293
11931
11930
11933
11932
8853
11901
3294
1146
2195
3096
6524
11430
11431
4914
4644
4489
2674
2684
2681
2679
755
6431
6430
4702
4701
4698
2835
69
12085
12086
3438
601
602
3389
4814
4816
5046
1298
1293
1294
1297
4738
3779
709
708
3123
3124
7701
7705
3128
3360
3355
3353
375
376
2920
2878
4249
4250
4251
6745
6746
1744
1753
1739
1752
1748
1750
1745
1743
1751
1742
1746
1741
1740
1749
1754
1747
1702
1703
1696
1697
1694
1695
1700
1701
1698
1699
8804
8836
8840
9002
1714
1715
1718
1719
1720
1721
1723
1722
1716
1717
1724
1725
1728
1726
1727
1732
1733
1729
1730
1731
1738
1737
1736
1734
1735
1705
1704
1706
1707
1708
1710
1711
1712
1713
1709
1689
1693
1691
1692
1690
1941
4295
2217
2218
4758
4759
4757
4652
3165
3163
3164
3184
5213
14138
5282
5281
5283
4488
802
9274
6052
2232
6051
6050
3949
3920
9275
3932
9264
3917
3916
4490
4497
4498
4499
4494
4495
4496
4491
4492
4493
4500
4505
8994
8995
2064
2066
2065
2067
2068
5971
5972
5973
2689
5945
5944
3131
3130
4754
5373
3023
11999
2998
3001
2995
3648
3772
4062
4565
11502
11602
11603
11604
11605
4206
4199
4066
3097
13343
2297
1104
1103
1108
1107
1106
1105
5275
5276
4589
4576
477
8700
3600
3597
3599
3603
8638
1774
1775
1776
6584
7311
7312
1777
1778
3604
3297
11936
8854
11902
3775
8216
8217
8218
8219
9622
9623
9624
9625
3098
1902
3615
3611
6470
1158
1079
1101
1081
4642
492
493
4004
764
2792
2801
2794
8976
3413
1559
494
496
1556
1390
11025
640
644
641
1876
5830
10
1874
5828
500
2121
501
1594
1595
1592
1593
1596
1599
1598
1597
10438
10439
2460
13616
3216
3193
118
3226
7713
7715
7714
7712
2658
6059
5812
5811
5810
2913
5045
1504
3343
5553
3200
6433
6432
2203
5854
5853
12162
12291
12292
1478
5364
2456
1056
1055
1054
5352
5341
5230
5229
5228
2340
4925
860
863
862
6604
14137
2956
2957
2958
2959
2960
2961
2962
2963
1801
1802
1803
1804
1805
1806
5802
5803
5804
5805
5806
5807
5796
5797
5798
5799
5800
5801
5905
5552
5556
1567
1566
1579
1564
4471
4470
5615
5617
5616
1563
1562
1568
8679
5628
5630
5629
5870
1345
1342
1343
1344
1341
1340
6607
2259
5942
3185
5943
5358
4604
4592
4572
6082
6081
2909
2887
1310
1312
2896
11868
11890
11891
4591
5532
5533
5786
6593
903
904
905
906
907
908
899
900
895
896
893
894
909
910
7234
6594
9474
6609
6611
6612
6610
6600
6601
6615
5547
5561
6618
6599
6620
6619
3194
2580
2581
2582
4936
4937
4938
2580
2581
2582
4936
4937
4938
3445
3446
8996
4920
5587
6693
5585
6690
5586
6692
5589
6695
5588
6694
5584
6691
532
3016
2659
4227
6425
6424
6075
6076
5436
5439
5551
13
4237
8119
4239
4238
4241
4240
5214
4209
2637
2640
4235
8130
2643
753
2845
3544
12084
884
883
825
826
4093
2055
5907
3871
3870
3864
3868
3872
3867
3862
3874
3866
6402
6273
2202
2197
2184
5272
5274
5273
6813
6069
7775
5503
6749
498
499
5535
5534
625
1611
1610
1612
8532
5360
5359
2574
2687
8992
5284
7162
7163
1436
1440
7166
7167
1441
7168
7169
7114
7164
7165
1437
7112
7160
7161
1435
5255
5277
5278
5254
5256
1453
1454
1438
5268
1430
5457
5729
1446
6675
7111
7159
7158
1434
5248
5247
5263
3439
2209
4965
4966
2539
4329
5190
5299
1481
5302
8930
8931
5303
8929
1477
1482
8913
8915
9121
8914
9015
5300
8927
8928
8814
8815
8816
2237
2238
2239
2240
3447
4061
4060
4056
13297
4630
4677
2994
2229
2230
6026
4741
4739
4740
1360
300
948
3850
3840
3843
3863
3865
3869
3535
11874
3534
11872
3538
11878
11887
3543
11886
5954
3537
6562
6566
3448
930
929
926
925
927
5235
6635
6651
10650
10651
5780
5782
5781
931
932
933
934
935
1484
1485
1486
5855
5840
3203
3202
5847
3671
3666
3918
3667
3919
8220
8221
8222
8223
4895
1326
1325
1324
1323
8722
4582
5491
5492
370
5488
371
5489
369
5493
4553
8942
4552
8940
4551
8941
8988
8989
8987
508
8991
2004
7516
7517
3954
3955
1998
1875
5829
5185
5186
5187
5188
5189
1357
891
4103
4263
4264
4266
8967
8807
8806
8839
8974
8973
4527
733
3547
3551
3541
11881
3540
11879
2782
2904
4192
1782
3938
3946
3939
3496
3943
5388
1350
11499
11576
1578
11504
11505
11506
11507
11515
11516
11517
11519
11520
11521
11522
11523
11524
11525
11526
11527
11570
11571
11572
11573
11574
11575
11474
11475
11476
11477
11807
11808
3876
11564
2876
1226
1225
1214
4595
757
5279
5280
3881
3884
3883
3882
795
796
801
800
11508
794
799
539
2662
619
621
620
623
622
624
604
627
634
629
628
631
630
633
632
603
606
607
609
608
611
610
612
4700
4699
2893
6423
6422
6421
6420
5362
3362
762
3025
1943
3508
3509
996
729
5271
3941
3925
8148
3945
810
9260
812
9262
809
9259
811
9261
3495
3937
9273
4809
3933
7798
2905
3985
3328
2366
2785
3969
3971
3970
6740
7258
11278
11279
11280
11281
11282
2461
2471
2459
13613
13615
2472
6072
6074
6073
2462
1110
3214
5897
822
1290
1289
4635
2570
3235
6747
5241
10541
5240
5643
5646
6586
1398
11681
11683
11677
11675
11678
11676
11680
11679
11682
1041
1052
1600
1601
3210
4580
8727
3948
4022
4019
4017
3519
4344
4354
2948
9613
2947
2946
9612
6589
6590
6624
4182
5161
5162
2561
3248
11399
11400
3246
511
4964
6588
6587
4808
2345
1262
1264
1263
1261
1265
4294
4296
2877
2583
4219
13599
13602
13601
13600
6728
6730
6726
6725
6729
6727
3644
8681
4584
4109
1316
3647
3809
3811
3810
3813
3812
3815
3814
3817
3816
3818
8330
8328
3808
3780
3782
3781
3784
3783
3786
3785
3788
3787
3806
3796
3792
3800
3790
3802
8329
8320
3807
8331
8237
8236
8235
8211
3794
3797
3798
3804
3793
3803
3795
3805
3799
3791
3801
3789
3819
3824
3822
3823
3820
3821
3450
1887
1880
2983
1886
1890
1889
1891
1892
1884
1893
1888
1882
1883
1885
1895
1894
1999
1997
1942
1951
2000
1898
1945
1897
1952
1992
1993
1940
1900
1991
1944
1899
1990
6512
6513
6080
1656
5749
5753
5754
5750
5756
1669
5748
5755
5752
5751
1347
2669
3330
6636
6652
5937
7205
10407
2577
1397
6640
6656
8482
8483
6639
6655
6631
6643
6633
6646
2303
11265
11266
11384
11385
548
549
2200
2204
4753
6630
6641
6626
6628
7753
7752
6627
6629
6077
6078
6079
6632
6644
6637
6653
6638
6654
6634
6647
4162
3331
5952
1557
1558
2576
2357
2358
2374
2346
3344
4440
4441
5053
9531
9532
9533
9534
9535
9536
9631
5120
5123
5121
5124
6642
6674
8805
8837
8841
9001
3503
2153
2453
1560
2678
5906
7726
7725
2433
4896
4897
4894
5795
5648
5649
5650
5651
5652
5653
5654
5655
5689
5690
5691
5692
5693
5694
5695
5696
5681
5682
5683
5684
5685
5686
5687
5688
5656
5657
5658
5659
5660
5661
5662
5663
5705
5706
5707
5708
5709
5710
5711
5712
5673
5674
5675
5676
5677
5678
5679
5680
5713
5714
5715
5716
5717
5718
5719
5720
5665
5666
5667
5668
5669
5670
5671
5672
5697
5698
5699
5700
5701
5702
5703
5704
1284
1283
5644
5645
1282
1281
10459
10461
10462
10463
10464
10465
10466
2552
2359
2424
3490
3518
6660
6659
6658
13813
9181
3426
1843
1844
1845
14222
5511
2183
3453
4919
921
310
308
12113
308
7943
2557
2555
2556
5118
4102
5613
4086
4087
4089
4090
4091
4088
5614
311
2180
319
320
318
388
8008
8010
2615
5177
605
4692
1060
3260
11929
11925
11927
11926
11928
3995
1365
4743
4742
4744
1288
1287
3454
3451
3455
5125
3994
5386
5387
1361
2652
2647
8584
8585
2665
307
314
1280
1279
1576
5126
966
8683
4144
5315
11432
11433
11450
3319
9485
3309
9487
3311
9481
3312
9480
6001
4578
8765
8802
8803
814
4641
4640
4629
4637
4636
4533
8978
3896
8146
9280
1613
3094
1633
1618
3089
1634
2002
1831
3894
1085
2535
4330
5563
5565
5564
5566
2921
1540
1537
1541
1539
4406
4084
4085
4405
5421
4587
4586
7677
2181
2185
3215
8680
5269
11579
11580
5929
1175
3663
2042
2043
2044
5297
2127
2130
2128
2131
2129
2132
2045
2046
2041
2125
2126
1616
1617
2033
2037
2040
2039
2035
2036
2038
2034
4693
1066
5984
3232
5006
2560
3354
2889
1789
3356
3323
3326
3325
3327
3322
3324
3960
1157
1160
1159
3227
2895
1162
2134
1615
1614
2133
4893
4972
1678
2650
2645
5344
5345
5342
5343
5349
5350
5351
5346
5347
5348
2135
2136
1755
1758
1757
1756
2656
1368
3539
11953
517
4331
11952
516
2547
4721
4588
4215
3522
4345
4361
1315
276
6823
278
277
279
10887
280
5896
3211
4583
8728
3209
4579
8726
5066
2879
3341
3345
3342
3352
3340
5978
4649
4651
4650
2558
4643
4648
2148
2151
2150
2149
1501
767
772
3658
3659
1502
769
5449
2152
3115
5452
5450
5451
6427
6426
2850
8484
8630
10723
10724
10726
10727
10949
2850
8484
8630
10723
10724
10726
10727
10949
2850
8484
8630
10723
10724
10726
10727
10949
5738
3836
2305
2304
2307
2306
2286
5525
5523
5518
5519
5521
5517
5526
5514
5524
5520
4001
4002
5357
5515
5527
3513
5554
5137
5522
3640
4193
4194
5513
6478
546
5605
380
2122
1683
1684
134
3921
2302
3619
8688
8692
4468
3947
775
3688
6616
5536
5559
11984
11988
11983
11987
5537
5560
497
5558
11982
11986
495
5557
11981
11985
4402
2912
4773
4774
4775
4776
4772
4689
4690
1062
7652
3263
5555
2892
5529
5138
3461
3449
4638
4639
4655
4787
4788
4789
1779
1780
8193
3902
3903
6100
4973
4974
5966
5967
2341
698
5601
6679
5598
6676
5600
6678
5603
6681
5602
6680
5599
6677
5562
4760
3598
4480
9634
5320
1489
5319
1488
5318
1487
3521
4352
4349
4355
2923
2660
1206
12049
12095
1473
1474
8133
4077
4078
1762
1760
2949
1769
1770
1768
1767
1765
1766
1771
1772
1773
6613
6614
2783
140
5289
4203
3911
3910
4112
15
2196
2198
2199
2201
754
3650
8763
8764
9250
1472
7969
2339
482
5737
5735
130
131
132
3587
3952
3951
143
4851
4852
4850
1317
10668
5244
4133
4131
2295
502
11601
4205
5369
5368
5922
5923
5925
3233
4401
8684
2575
6088
6091
10467
10468
10469
10470
10471
10472
10473
2563
2562
2559
2566
2567
2571
2573
6101
2572
10452
10453
10454
10455
10456
10457
10458
10479
10480
10481
10482
10483
10484
10485
2553
141
11473
1781
3546
3555
3556
3557
3558
3559
3560
3552
3553
3554
5042
5041
4627
1354
1355
1356
1353
2385
2387
2386
2389
2388
2392
1415
1413
1414
2683
1565
1577
1575
1573
1574
3199
142
138
139
154
155
2415
2412
2413
4570
2416
2414
4569
2417
2418
2419
4571
2672
4685
7724
7285
4590
5231
4179
4180
1088
1090
1087
1086
1089
2296
1833
6532
4220
969
967
3692
3693
3696
3697
9731
9732
4436
4437
4438
4439
1570
4473
1571
4474
1572
4475
2450
5643
5644
5645
5646
1808
4425
4426
1349
11600
11598
11599
6060
4265
6603
526
4682
4679
4681
4684
4683
4804
4680
4686
5892
5893
10620
10625
5251
1429
3189
5862
5863
5866
133
5827
244
246
245
135
964
3099
12599
5867
5869
5868
5381
5380
5378
5379
5265
5266
5249
5267
2975
2976
2977
5252
5253
5245
2873
5194
5873
5872
5039
4375
4374
4403
4404
1588
1591
1590
1589
1584
1587
1586
1585
1580
1583
1582
1581
6617
5908
5886
5887
5888
5889
5890
5891
5883
5884
5914
5918
6177
5949
5950
5951
5955
4221
4222
4212
4224
4225
4218
4214
4337
4333
4216
4213
3525
4342
4357
3526
4343
4358
3524
4350
4347
4360
3523
4346
4359
4217
3517
4321
4332
4228
1053
6920
8391
8390
13446
4108
6518
6517
6519
6514
6516
10391
6515
6703
6510
3158
4145
4146
4147
4117
2997
8924
8925
8926
9126
2375
2053
491
5567
3636
3635
3637
6817
10636
6715
6722
7447
7645
7440
7452
7444
7642
7442
7454
7737
7740
7736
7739
7445
7643
2182
7711
7450
7648
7738
7741
7448
7646
7446
7644
7449
7647
7439
7451
7441
7453
7443
7455
12177
12189
12172
12184
12171
12183
12175
12187
12174
12186
12176
12188
12178
12190
12169
12181
12170
12182
12173
12185
6721
6759
6719
6757
6720
6758
6718
6756
1503
3491
3492
2116
458
3542
11883
11501
738
3213
6440
680
681
6451
6458
6459
6457
6449
6452
6465
6462
6453
6464
6454
6466
6461
6463
6456
6460
6455
6450
11563
3875
11562
11577
4633
4653
30
34
38
32
41
40
29
39
37
31
27
26
28
44
43
42
54
49
52
56
51
58
50
55
57
6484
1389
1396
1395
4134
4132
4123
4124
4125
4126
4127
4128
4129
760
8419
759
4119
11584
11585
11586
282
287
283
288
2264
2649
2634
2657
8694
6530
5420
4319
84
2874
8685
2784
2868
2869
12090
12089
12091
2671
2673
3501
1561
2362
2364
4755
11596
4202
5216
4745
4764
4763
2361
2404
5723
5722
5724
5725
6525
2356
3515
1027
9140
2675
3302
7051
6914
6915
6916
6917
8563
7045
11092
11094
11096
11098
11100
11102
11104
11106
6918
6919
8564
10947
7050
11093
11095
11097
11099
11101
11103
11105
11107
7044
7069
7040
6923
6963
7036
8508
8511
7052
8507
8510
8509
6905
6904
6907
6906
6909
6908
6911
6910
6913
6912
7046
7042
7041
7048
7049
7047
6876
10992
6875
6922
3222
6898
6899
6897
6896
6902
6903
6900
6901
6882
6895
10931
10981
11091
10980
1657
6927
6928
6926
6964
3502
3504
7071
7075
7076
7083
7084
7085
7086
7087
7072
7073
6965
6971
6972
6973
6974
6975
6977
6979
6980
6976
6978
6858
6866
6867
6865
6874
6873
6872
7088
7090
7053
7056
7068
7054
7055
6945
6953
6954
6943
6937
6938
6957
6814
6962
6921
6944
6966
6967
6968
6986
6981
6999
7001
7000
7010
7005
7004
7003
7002
7007
7006
7009
7008
7011
7014
7013
7012
6766
6767
7744
7745
8565
6768
7575
6798
6799
1679
1680
1681
1682
6955
332
334
333
5958
6097
6098
6099
3889
2686
2685
7018
7019
7020
7021
7022
7023
7024
7025
7026
7027
7028
7029
7030
7031
7032
7033
7034
7035
7037
7038
7039
6769
1658
1661
1659
1660
1666
1662
1663
1664
1665
8121
8126
6775
6785
12700
6770
6780
12701
6781
7063
3279
2688
2667
2676
2677
11957
2680
1813
1807
6793
2060
3654
3218
1818
3217
3220
7043
4722
6806
7106
7107
7150
7151
7153
7095
7096
7097
7144
7145
7146
7147
7148
7149
7152
7120
7119
7118
7104
7105
7154
7098
7176
5258
6801
7121
4921
4915
1629
6686
1627
6683
1628
6685
1631
6688
1630
6687
1626
6684
1337
7061
7062
7204
7203
7202
7201
5317
6415
6414
6417
6416
6419
6418
756
6429
6428
4092
6848
6857
6836
6839
6856
6833
6853
6855
6845
6829
6849
6851
6852
6832
6850
6847
6846
6854
6831
6842
6843
6835
6838
6841
6828
6834
6826
6837
6827
6840
6844
6830
3078
3082
7368
7370
3079
3083
3077
3081
3080
3084
5979
6779
6777
5980
5981
5982
5936
7207
5935
7206
8546
8547
8003
7238
3296
7212
7213
7216
7215
7214
3892
2396
3282
7227
7230
7228
7229
7231
7235
7236
7237
7239
5131
4746
7273
13795
7275
8092
8093
4749
4750
7274
8087
7279
7267
7266
7277
7272
11240
7278
7276
7240
2616
4574
4575
3944
5794
3224
3223
3219
3221
1896
7286
7287
7296
6438
1939
7280
7117
3516
3511
3512
3514
4751
4747
4752
4748
4762
18
19
17
22
20
3532
3026
6296
7232
7303
7304
7305
7283
7306
7302
7233
2393
2430
7310
8990
4573
7281
7282
5417
1137
4469
7321
7316
7317
2452
1479
1480
5736
3744
8241
11177
3745
3746
3747
8242
8243
8244
8245
8246
8247
8248
3742
9577
3741
3743
9574
9575
3740
8249
9576
3776
3778
7307
7309
7308
3157
3494
3493
4248
5052
5051
4723
4472
1569
4111
5487
5486
5485
366
342
5476
356
352
362
361
364
363
5474
365
5478
5480
5471
5467
5464
367
3827
3825
3826
11662
11663
11661
8031
8091
3351
2342
11687
11688
11686
3190
3192
3191
4065
1311
1336
1335
1313
687
692
693
694
4657
4658
4659
4656
4664
4665
4660
4666
4669
4662
4668
4661
4663
4667
4673
4672
4631
4671
4632
4670
4719
2300
1817
1825
1826
1827
1828
2370
5999
2221
5992
6024
2226
5996
2420
6053
2422
2421
6055
6054
6021
2223
5993
2219
2220
5998
5990
5997
6023
2225
5995
6022
2224
5994
6000
2222
5991
5178
5181
5180
5179
2315
5156
5326
2408
2428
2402
2405
6043
2451
7334
7351
14032
14044
9637
9638
9851
9853
7336
7353
9850
9852
7335
7352
9495
9500
9492
9497
9496
9501
9494
9499
9493
9498
7338
7355
11401
11428
7340
7357
7350
7367
7348
7365
7343
7360
7349
7366
7342
7359
7341
7358
7344
7361
8024
8028
7347
7364
7345
7362
7337
7354
7346
7363
7339
7356
7371
7372
9200
9019
7374
8544
8545
7379
7377
7381
7380
7376
7378
7369
2310
7410
7404
7402
7409
7405
7390
7394
7389
14031
7392
7396
7407
7408
7411
7399
7401
7385
7384
7386
7387
7403
7398
7397
6723
6716
7649
7406
7388
5606
5814
5813
6567
6565
6569
6568
6571
6570
6645
6572
2668
7413
7415
7414
7416
3986
5305
3987
5306
3988
5307
3989
5308
8132
7425
7424
7418
7419
7422
7423
7421
7420
7426
7427
7624
7637
7623
7633
7635
7625
7626
7627
7628
7630
7631
7629
7638
7632
7636
3656
3655
1096
771
3680
3936
5313
7480
7474
7475
7478
7479
7471
7476
7477
8712
7483
7484
7481
7482
2651
2646
5423
2648
3225
4628
4918
5956
3347
3346
3349
3348
3350
3646
3645
2123
9371
12802
9367
12799
9362
9361
9368
9364
9365
9366
12640
9363
12801
9369
12800
12641
9370
9360
9327
9325
9332
9331
12787
9328
9326
12789
12790
12635
9333
9334
9324
9329
12788
12634
9335
9330
12791
12794
9346
9336
9343
9345
9344
12636
9339
12637
9342
9340
12792
12793
9338
9341
9347
9337
9375
9379
12803
12804
12805
9378
9374
9373
12642
9377
12806
12643
9376
9381
9383
9380
9382
9372
9359
12638
9355
9358
9350
9349
12639
9351
12795
9356
9357
9352
12797
12798
9348
12796
9353
9354
12633
9312
9315
9313
12783
12784
9319
9321
9322
12632
12786
12785
9316
9318
9320
9314
9317
9323
7518
7395
1082
8204
8199
8198
8203
7519
7520
8196
8201
9512
9514
9511
9513
8200
8205
8202
8197
7554
7551
7552
7555
7550
7553
7543
7544
7545
7540
7541
7542
7566
7567
7566
7567
7530
7531
7532
7530
7531
7532
7584
7585
7562
7561
7563
7562
7561
7563
7528
7527
7526
7528
7527
7529
7529
7601
7587
7588
7589
7590
7591
7592
7593
7548
7549
7594
7602
7603
7619
6002
6003
6004
6005
6006
8021
8182
8007
8163
8006
8023
7599
7600
7599
7600
7599
7600
7595
7614
7613
7607
7612
11112
11113
7610
7611
7608
232
5856
4980
5309
11659
11660
11657
11655
11656
11654
1420
1419
1421
9857
10113
10114
10115
10116
10117
10118
10119
10120
10121
10122
10123
10124
10125
10126
10127
10128
10129
10130
10131
10132
10133
10134
10135
10136
10137
10138
10139
10140
10141
10142
10143
10144
10145
10146
10147
10148
10149
10150
10151
10152
10153
10154
10155
10156
10157
10158
10159
10160
10161
10162
10163
10164
10165
10166
10167
10168
10169
10170
10171
10172
10173
10174
10175
10176
10177
10178
10179
10180
10181
10182
10183
10184
10185
10186
10187
10188
10189
10190
10191
10192
10193
10194
10195
10196
10197
10198
10199
10200
10201
10202
10203
10204
10205
10206
10207
10208
10209
10210
10211
10212
10213
10214
10215
10216
10217
10218
10219
10220
10221
10222
10223
10224
10225
10226
10227
10228
10229
10230
10231
10232
10233
10234
10235
10236
10237
10238
10239
10240
10241
10242
10243
10244
10245
10246
10247
10248
10249
10250
10251
10252
10253
10254
10255
10256
10257
10258
10259
10260
10261
10262
10263
10264
10265
10266
10267
10268
10269
10270
10271
10272
10273
10274
10275
10276
10277
10278
10279
10280
10281
10282
10283
10284
10285
10286
10287
10288
10289
10290
10291
10292
10293
10294
10295
10296
10297
10298
10299
10300
10301
10302
10303
10304
10305
10306
10307
10308
10309
10310
10311
10312
10313
10314
10315
10316
10317
10318
10319
10320
10321
10322
10323
10324
10325
10326
10327
10328
10329
10330
10331
10332
10333
10334
10335
10336
10337
10338
10339
10340
10341
10342
10343
10344
10345
10346
10347
10348
10349
10350
10351
10352
10353
10354
10355
10356
10357
10358
10359
10360
10361
10362
10363
10364
10365
10366
10367
9856
9858
9859
9860
9861
9862
9863
9864
9865
9866
9867
9868
9869
9870
9871
9872
9873
9874
9875
9876
9877
9878
9879
9880
9881
9882
9883
9884
9885
9886
9887
9888
9889
9890
9891
9892
9893
9894
9895
9896
9897
9898
9899
9900
9901
9902
9903
9904
9905
9906
9907
9908
9909
9910
9911
9912
9913
9914
9915
9916
9917
9918
9919
9920
9921
9922
9923
9924
9925
9926
9927
9928
9929
9930
9931
9932
9933
9934
9935
9936
9937
9938
9939
9940
9941
9942
9943
9944
9945
9946
9947
9948
9949
9950
9951
9952
9953
9954
9955
9956
9957
9958
9959
9960
9961
9962
9963
9964
9965
9966
9967
9968
9969
9970
9971
9972
9973
9974
9975
9976
9977
9978
9979
9980
9981
9982
9983
9984
9985
9986
9987
9988
9989
9990
9991
9992
9993
9994
9995
9996
9997
9998
9999
10000
10001
10002
10003
10004
10005
10006
10007
10008
10009
10010
10011
10012
10013
10014
10015
10016
10017
10018
10019
10020
10021
10022
10023
10024
10025
10026
10027
10028
10029
10030
10031
10032
10033
10034
10035
10036
10037
10038
10039
10040
10041
10042
10043
10044
10045
10046
10047
10048
10049
10050
10051
10052
10053
10054
10055
10056
10057
10058
10059
10060
10061
10062
10063
10064
10065
10066
10067
10068
10069
10070
10071
10072
10073
10074
10075
10076
10077
10078
10079
10080
10081
10082
10083
10084
10085
10086
10087
10088
10089
10090
10091
10092
10093
10094
10095
10096
10097
10098
10099
10100
10101
10102
10103
10104
10105
10106
10107
10108
10109
10110
10111
10112
8030
8090
8514
5573
503
7393
1240
1243
1246
1249
1252
1255
7534
7535
7536
7537
7538
7539
7538
7539
7533
7533
2360
4110
7579
7578
7576
7577
7569
7571
7570
7572
13146
13148
13147
14738
14737
14739
1911
1912
1910
2901
8001
8002
7564
4720
2550
2549
2623
2613
2618
2625
2614
2620
2622
2627
2632
2624
2629
2617
2626
5055
2621
2630
2628
2631
1292
1295
1291
1296
5484
353
5483
348
5482
5461
354
339
343
5462
5468
360
345
338
344
5463
347
5460
346
5459
350
5479
349
5477
5465
5473
351
5481
5469
5466
5470
5472
359
341
358
5458
357
5475
355
340
4116
4116
1209
4926
1314
4916
1320
1078
1083
1084
1091
1093
1092
4899
4900
4901
1080
1095
1094
1418
12856
1416
12854
5528
1417
12855
774
773
768
770
1100
3678
766
3674
3676
3685
3675
3669
1099
3687
3681
3684
3686
3682
3677
3683
3005
3942
3934
813
1949
7437
1950
7438
3483
3440
3441
9619
7604
7605
7606
7604
7605
7606
233
6272
13445
1217
12028
8772
8774
8773
11595
11594
11593
11592
8979
8981
8980
8983
8982
8985
8984
12720
12721
12722
12723
12724
12725
12726
12727
12728
12729
845
831
849
850
851
13332
2363
2425
8723
13206
13208
13207
13210
13209
13211
8450
8451
9298
2900
5040
305
7666
7665
7667
7653
7669
14186
14187
7670
7668
7412
5790
7654
3424
3425
3908
3909
425
7671
2343
1384
1387
1386
1385
7672
2003
1177
1176
5976
5975
5974
5988
5987
5986
5985
3930
3931
1154
1155
1156
1830
5611
5612
7559
7559
7560
7560
7673
2063
8596
5372
2398
1927
1928
11072
11074
11076
11078
11080
11082
11084
11086
2852
7674
7675
8009
8011
7706
7706
7693
7695
7692
7691
7694
7697
7699
7703
7698
7702
7700
7704
10623
7696
7690
11247
11248
7688
7689
7678
7708
1901
1922
1913
6020
6019
1909
1908
1907
1906
1905
1904
1903
1932
1930
1929
1931
1914
1917
1915
1921
1918
1916
1920
1919
3890
11658
1234
1235
1233
1231
1232
1230
1228
1229
1227
2314
2311
2312
2308
2309
2313
2289
2288
2287
2294
2298
2293
2292
2290
2291
2316
2317
2333
2334
2325
2326
2331
2332
2329
2330
2323
2324
2335
2336
2327
2328
2337
2338
7718
7717
7719
7720
2322
2321
2320
2319
2273
2301
2268
2277
2269
2274
2282
2281
2278
2272
2283
2284
2271
2280
5169
6959
6960
6961
1244
1247
1250
1253
1256
1241
7727
7728
1319
1318
7742
11587
11589
11588
4335
4336
4107
4095
7716
4106
6602
5454
3277
11906
5904
1109
11907
11910
11909
11908
3255
3278
5732
2120
6341
3242
2383
2384
2382
2381
4605
4606
4607
4608
4609
1013
1018
1012
1014
1015
1019
1016
1011
1017
2069
2070
2071
2072
2073
2074
12008
12009
12010
12011
12012
12013
7680
7681
7734
4467
1934
1935
1936
1937
1938
7794
7795
7793
7792
7759
7760
7796
7797
8690
8691
7802
7803
7804
7805
7801
7799
7800
7765
7790
7766
7791
7770
7773
8053
8105
8106
8107
8108
7509
8155
8171
7772
7806
7785
7786
7784
7777
7756
7754
7755
7758
7783
7787
7776
7778
7768
8012
8013
7761
7762
7763
7764
7788
7782
8667
7781
7771
7817
7769
7891
7892
7890
7893
7852
7853
7884
7885
7887
7888
7889
7851
7854
7855
7882
7883
7886
3390
1184
1189
1182
1183
1191
1187
1185
1186
1188
1190
7903
7904
10928
10929
7905
7906
7907
7908
10974
10975
7909
6984
7923
6985
6982
6983
10966
10970
10971
11033
10967
10968
10969
7898
7899
10976
10977
7901
7902
7900
10982
11034
10983
7912
7913
1379
1381
1383
1380
1382
4465
4464
4453
4458
4457
4444
4447
4463
4466
4459
4448
4446
4478
4451
4449
4460
4461
4456
4452
4455
4450
3285
3284
7940
7935
7937
7932
7938
7933
7939
7881
7936
7931
7934
7958
7958
7956
7956
7957
7950
7951
7988
7991
7992
7989
7990
7985
7987
7976
7967
7965
7966
7967
7970
7971
7972
7986
7961
7963
7964
7983
7981
7982
7984
7975
7948
7949
7995
6481
3901
739
1200
12087
1202
12101
1201
1199
8568
8575
8567
3207
8058
8060
8059
8061
8059
7952
8036
8037
8100
8101
8102
8103
8104
8097
8094
8095
8177
8098
8178
8179
8096
8056
8025
8029
8116
8117
8180
4534
4535
8134
10403
8131
10404
10406
10405
8123
8128
8122
8127
8062
8063
8137
8138
8135
8136
8167
8175
8176
12139
8065
8064
8066
7953
7954
8038
8039
8040
8120
8125
8027
8041
4073
7510
12614
12615
12314
12315
7511
7515
7860
7513
7859
5977
7858
11770
11771
8005
8004
2796
2797
2807
2808
8181
7400
7391
12519
2376
2377
2380
2379
2378
2399
2431
2401
2400
2373
2407
2371
2406
2394
2395
2403
5505
5506
5507
5509
5508
5078
5077
5075
5076
4419
7999
10991
10963
10964
10965
11038
8000
8022
8189
10926
11152
10927
7910
10935
10890
10891
10893
10894
10895
10892
11009
11000
10995
10996
8184
10993
10904
10998
10897
10898
8187
11002
8186
10905
10901
10902
8185
11011
10900
11003
11010
10999
11004
10903
10994
10899
11001
10908
11006
11005
11008
10997
11007
10907
10906
7573
7574
7573
7574
3063
6441
7597
8195
8194
2690
2661
4832
4833
4834
4823
4824
4825
4838
4839
4840
4844
4845
4846
4835
4836
4837
4826
4827
4828
4841
4842
4843
4829
4830
4831
2548
2798
2799
2800
2809
2810
2811
4975
4976
4977
6086
6087
1428
1207
12048
12097
12096
12098
8260
8261
8262
8298
8299
8297
8206
8207
8213
8214
8215
8212
8226
8227
8228
8229
8224
8225
8230
8231
8232
8233
11178
8250
10835
10836
10833
10834
10830
10831
10832
8374
8375
8369
8370
8371
8372
8373
10852
10853
10850
10851
10847
10848
10849
9780
9784
9778
9782
9779
9783
8276
8267
8268
8273
9776
9777
9490
9505
9506
9491
8271
8270
8269
9557
9558
9767
9559
9773
9560
9774
9561
9562
9563
9564
9565
9775
9781
9785
8274
8275
8288
8287
9790
9797
9789
9796
9787
9794
9791
9798
9786
9793
9792
9799
9788
9795
8208
10875
10876
10877
11162
8334
8209
8332
8335
8210
8333
8323
8324
11503
11606
11607
11609
11610
4207
4208
3701
3702
3703
3704
3705
3706
8387
8388
10867
10868
10864
10865
8360
8362
10814
8361
10822
8363
8359
10813
10812
8354
8355
8356
8357
10807
10808
10809
10810
10786
10787
10788
10789
10766
10767
10768
10769
8338
8339
8340
8341
10770
10771
10772
10773
10762
10871
10764
10873
8336
8337
10763
10872
10761
10870
10765
10874
10845
10820
8366
8385
10828
10862
8367
10821
10829
8367
10821
10829
10844
8384
8344
8350
8383
10793
10799
10860
10779
10785
10776
10782
8347
8353
10796
10802
8342
8348
8381
10791
10797
10858
10777
10783
10774
10780
8345
8351
10794
10800
8343
8349
8382
10792
10798
10859
10778
10784
10775
10781
8346
8352
10795
10801
8368
8368
8263
8264
3642
3641
1933
3632
3634
3633
3638
3627
4522
4523
4524
4525
4526
4512
4961
11180
1371
1372
3006
3007
3004
11283
11284
11285
11286
12064
12065
12355
12353
12354
4255
8968
3571
3143
3144
3145
3146
3147
3148
3149
3150
3151
3152
3153
3154
3155
3156
6084
2546
2545
7178
3000
3505
3507
3506
1132
1133
2894
1111
1112
1113
4270
4272
4271
4269
4268
8969
4777
4779
4778
4780
4042
4041
4040
4031
4023
4037
4025
4024
4027
4026
4029
4028
4036
4030
4038
4039
4035
4034
4033
4032
6468
6442
6446
6443
6467
6448
6447
6444
6445
1218
1216
1215
1223
4072
4074
887
886
8986
3003
4792
4790
4795
4793
4791
4794
880
8424
8428
8429
8430
8425
8426
8434
8435
8442
8456
8459
8439
8438
8440
8448
8449
8452
8453
8446
8447
8460
8463
8444
8445
8431
8464
8467
8454
8455
8422
7774
4768
4104
2115
2114
885
3310
5960
5957
5959
8485
3369
3306
4398
4400
4399
1164
1147
5176
6056
6058
6057
6071
6068
6067
6066
6065
6061
6062
6063
6064
6070
8583
8623
8614
8610
8611
8612
8613
8609
8615
8616
8619
8617
8621
8622
8620
8618
8491
10972
10973
11035
8505
10961
10962
8504
8492
8517
8493
8518
8495
8520
8494
8519
8530
8577
8552
8555
8502
8501
10978
10979
10889
8556
8697
8512
8513
8604
8557
8560
8551
8549
8548
8553
8603
8602
8586
8587
10500
10501
10960
11036
10959
8521
8537
8578
11039
8538
11037
10503
10504
10502
8607
8605
8606
8581
8558
8550
8554
8561
8608
8559
8535
8579
8531
11073
11075
11077
11079
11081
11083
11085
11087
11198
8588
8595
8534
8536
8533
8629
8500
8515
10922
10923
8542
8543
8566
11089
7472
6881
8570
8569
8576
8571
8582
8601
7089
8594
1278
4726
4727
4725
4724
5793
3301
3626
3625
11204
6576
11200
6575
12460
6582
11211
11210
6581
6580
6595
11209
6701
6702
11206
11207
11201
11208
3361
11202
6698
11205
6700
6699
6583
11203
6579
11199
6574
5809
5924
5926
5927
5166
5165
5163
5167
5168
5164
5171
5174
5170
5173
5172
5175
2803
995
7721
23
14176
14176
124
14157
13593
2494
3499
2495
4462
924
1686
1687
1688
1685
3565
3584
3972
3974
3973
8072
8071
8070
5132
5130
1426
5238
5239
10443
10442
5243
111
7546
8631
4000
976
977
978
979
5928
5647
3980
3981
8069
8068
8067
1131
1130
1141
1140
1142
1139
1119
7568
7568
4912
3090
3091
3092
3093
2368
2369
2897
2898
8666
3887
3888
4054
4055
6859
6861
6860
6863
6862
6864
6942
6941
6940
6939
6969
6970
7057
7058
7059
7060
7077
7078
7081
7082
7079
7080
8321
8322
8589
8590
3618
6771
912
731
8633
12099
3267
8665
8635
8637
8636
9120
8808
8809
8810
8811
8812
8813
4598
4599
4596
4600
4597
4601
4602
4603
1552
8910
8911
9124
1764
6509
6485
3848
3849
3845
3846
3847
488
489
4958
542
543
544
545
807
805
806
804
3545
5833
833
5375
5374
2544
4674
4148
4151
4149
4152
4150
4154
4153
4156
4155
2372
2434
2435
2436
2437
2438
2439
2440
2441
2442
2443
2444
2445
2446
2447
2448
4898
3831
3832
3614
2884
4858
4859
2250
2253
2256
5429
5430
5432
312
5431
5453
5456
5455
5894
396
397
398
399
400
2564
7288
7290
7292
7294
8906
8907
8908
9125
8903
8904
9123
8897
8898
8899
9119
8892
8895
9122
9050
9049
1545
4934
4959
4960
8699
8713
8703
2145
8705
8704
8707
8708
8706
8711
11158
11160
11157
11159
2143
2144
8714
8715
8710
8709
8731
8739
9169
8917
8918
8919
8920
9151
9021
9022
9023
9024
9164
8775
8776
8777
8778
8779
8780
8781
8782
8783
8784
8729
8737
8730
8738
8743
8747
8746
8751
8749
8742
8750
8754
8757
8741
8756
8748
8744
8745
8755
8752
8753
9006
9011
11023
9182
9184
9183
9186
9189
9185
9188
9187
3429
8759
9502
9503
8760
3428
5295
5296
9198
9070
9141
9142
9170
9020
9118
9157
9156
9053
9054
9056
9057
9155
9165
9063
9065
9066
9068
9069
9071
9072
9074
9073
9075
9089
9166
9077
9078
9090
9082
9168
9167
9080
9163
9160
9161
9085
9086
9084
9152
9055
9153
9087
9058
9060
9059
9088
9064
9081
9079
9158
9110
9115
9114
9107
9106
9159
9162
9139
9109
9117
9116
9108
9112
9062
9113
9111
9154
9076
9028
9026
9027
9029
9030
9031
9032
9033
9034
9042
9041
9040
9043
9044
9045
9046
9047
9048
9178
9179
9180
9202
9177
9175
9176
9197
9196
9193
9199
9192
9194
9083
9061
9098
9093
9094
9095
9096
9097
9100
9099
9091
9092
9150
9102
9105
9104
9101
9103
9143
9144
9135
9136
9133
9134
9138
9052
9137
9127
9129
9128
9131
9130
9132
9067
9201
9051
8857
8856
8966
8965
8831
8833
8832
8835
8834
8770
8768
9244
8890
8934
8948
8959
8891
8935
8949
8960
8887
8932
8946
8957
8889
8888
8933
8947
8958
9035
9036
9037
9038
8721
9293
1832
9282
9258
9287
9288
9295
9296
9297
9294
9289
9290
9291
9292
9277
9276
9270
9271
9272
9425
9426
9427
9428
9429
9430
9431
9432
9433
9460
378
8160
11900
11895
8168
11897
11896
11899
11898
7064
7065
6997
7066
7067
9659
2644
4229
2822
2821
2816
2815
2819
2820
2817
2818
2813
2814
2823
2824
2888
2825
2826
2885
1785
1787
920
1784
1553
8733
1490
10444
998
999
1000
1001
1002
1003
1004
1005
1006
1007
1008
1009
707
706
5260
1040
5259
5261
5262
4435
8326
8327
5631
5632
5633
330
11156
2713
6029
6030
6039
6040
6033
6034
6027
6028
6041
6042
6037
6038
6031
6032
6035
6036
6776
758
13007
13008
3204
1848
1851
1850
1849
2633
3318
2117
2118
2119
9750
9752
9751
9754
9753
9755
5844
5843
5845
5846
1037
5574
5571
5568
5569
5572
5570
5575
5576
5577
5579
5578
5581
5580
5582
6947
6949
6948
6951
6950
6952
1029
1031
1030
1033
1034
9801
1032
1035
1036
9802
9855
7473
9413
9414
64
66
65
68
67
2496
137
6014
6016
3982
3975
3977
3976
3979
3978
7818
6015
6007
6011
6010
6012
6018
6008
6009
6017
6013
8183
8541
9398
9399
6762
6795
9405
9407
9404
9410
9406
9408
9402
9403
9401
9400
9409
9454
9455
9453
9452
9465
5787
5788
856
857
858
859
9416
9417
9418
9419
9420
9421
9422
9424
11153
11154
11155
377
9423
9471
9472
10943
10944
10945
10946
9446
9448
9447
9450
9449
9451
9470
9466
9467
9469
9468
9479
9756
9761
9760
9757
9763
9762
9758
9759
9707
9676
9749
9768
9724
9708
9713
9692
9697
9722
9691
9710
9714
9694
9689
9723
9685
9709
9701
9700
9688
9690
9706
9702
9687
9704
9699
9705
9720
9589
9721
9695
9588
9711
9696
9703
9686
9716
9717
9715
9712
9693
9698
9639
9640
9667
9668
9665
9662
9658
9594
9595
9592
9746
9596
9597
9654
9650
9661
9663
9648
9652
9660
9664
9656
9573
9580
9582
9581
9583
9584
9585
9744
9743
9745
9657
14539
10368
10369
7707
10377
10388
10386
10387
10379
10381
10380
10370
10392
10378
10389
10373
10372
10371
10390
10383
10385
10384
9718
9719
4232
10398
10399
10397
10400
10402
4135
4136
4137
4138
4139
10408
10409
6439
7417
10418
10422
10423
10424
10421
10419
10420
3266
10417
10416
10425
10426
10427
10414
10415
10412
10413
10410
10411
1514
1517
1518
1521
1523
1524
1525
1528
1530
1544
3913
7155
7459
7462
7467
7469
7947
14038
14040
14041
14524
10435
10432
10433
10434
3303
3844
3572
5419
2554
6083
1238
2565
2568
4654
5246
3238
1118
1138
6869
6871
6870
6868
2653
2654
2655
394
1506
1507
1508
1509
1512
1513
1515
1516
1526
1527
1529
3417
3418
7463
7464
7468
8524
12774
14036
14521
14522
14525
14526
14527
14528
1510
1519
1522
2146
3657
3914
5821
7199
7460
7465
7470
7946
9173
9174
10515
12776
12777
14039
1511
1520
3419
3915
4476
4477
5233
5234
5820
7200
7461
7466
8525
8526
8527
9171
9172
12775
14037
14523
8523
1542
7323
635
1535
1536
6731
4079
4080
4081
4082
4712
4713
4714
4710
4928
6784
7730
7731
7732
7733
4316
6488
3317
9478
6825
7676
1497
1498
1499
1500
10653
3316
2497
4233
4234
10506
10512
10511
8598
10507
10510
10508
10509
10528
10529
10517
10518
10519
10530
10531
10520
10532
10521
10559
10564
10561
1171
10575
10572
10574
9677
9679
9682
9680
9678
9681
515
514
3304
3672
3679
3002
10544
10545
2833
3566
3564
5008
10522
10533
8678
10546
10547
381
383
382
10567
10566
10589
6143
10590
10591
10592
10560
10525
10526
10536
10537
10523
10524
10534
10535
10557
10558
10594
10598
10603
6340
6401
3268
4114
636
10621
10622
479
3290
10630
10631
10632
10562
10637
10610
10613
10615
10583
10585
10586
10611
10584
10587
10588
10593
10595
10596
10597
10600
10601
10599
10602
10565
10569
10616
10614
10617
10612
10618
10606
10609
10608
10607
10634
10604
10570
10571
10580
10576
10577
10578
10579
10605
3498
10656
10656
10684
10685
10657
10657
10655
10655
10691
10692
10689
10690
10695
10696
10693
10694
10659
10660
10664
10659
10660
10664
10658
10654
10665
10666
10700
12224
12228
12425
12223
12426
12223
12426
10699
10698
10697
10686
677
678
3047
3048
4076
10951
10954
10955
10953
10956
3300
2828
5726
5727
5728
8762
5226
5225
5222
5223
5221
5224
10732
8644
10733
662
663
664
665
666
667
668
655
656
657
658
659
660
661
2484
2487
2489
2488
2486
2485
2246
2248
2245
2249
2247
5370
8379
10840
10857
8377
10838
10855
8378
10839
10856
7581
7582
7583
7580
11012
13695
14296
14287
14288
14294
14297
14373
14289
14290
14291
14292
14389
14396
14469
12553
12556
12555
12558
12554
12557
10759
7779
5777
5778
10746
10739
10741
10743
10745
10744
10740
10742
10755
10748
10750
10752
10754
10753
10749
10751
11651
10756
10757
10758
10709
10708
10806
10805
10803
10804
2847
10878
10881
10884
10879
10880
10882
10883
10885
10886
11088
11014
11017
11015
11018
11013
11016
11069
11068
11040
11042
11041
11066
11067
10936
10938
10957
10958
11048
10940
10941
10942
10989
11050
11071
11055
11052
11060
11056
10932
10933
10934
11090
11059
11061
11062
11044
11043
11051
10988
10987
10986
10985
10984
8600
10505
10725
6883
6884
6885
6892
6893
6894
6889
6890
6891
6886
6887
6888
11063
11064
11065
8599
11046
11047
10896
5122
11161
11176
13667
11175
13666
11181
11192
11232
11691
11689
11690
11692
11693
6479
6480
2950
2953
2952
2951
2832
10436
10437
7598
8099
5989
1237
2924
7074
2925
2926
2927
2928
2929
2930
2931
2933
2932
4187
1870
4178
4327
10939
9195
1551
6878
6880
6879
11225
11226
11228
11229
11230
11231
11227
9415
1462
1463
1464
1465
1466
1467
1468
3573
3574
5834
3334
2449
4767
6802
8479
5160
4334
1432
7116
8539
8540
7750
7751
11182
8921
8562
7383
9000
9009
9003
9007
9004
9010
8999
8970
8971
8975
8972
9018
8771
8844
8845
8846
9008
10538
7512
9643
9644
9641
9642
11287
11293
11294
11288
11289
11276
11277
3086
3088
6482
11233
11234
11246
11267
11268
11269
11274
11270
11275
11271
11298
11272
11299
11273
11300
11314
11315
11382
11316
11320
11321
11319
11318
11317
11302
11303
11310
11311
11312
11313
11308
11309
11306
11307
11304
11305
11301
11383
10382
11410
11409
6794
11402
11429
11403
11455
11456
11446
11447
11448
11404
11408
11411
11412
11413
11414
11415
11416
11417
11440
11441
11442
11465
11443
11444
11445
12179
12180
11407
11405
11453
11406
11454
12382
12380
12381
11436
11437
11438
11439
14730
9747
4197
4196
4195
4198
11482
11483
11529
11492
11479
11480
11514
11513
11489
11561
11462
11500
11485
11484
5542
5543
5541
5538
5540
5539
11463
11778
11779
11780
11730
11732
11733
11721
11719
11720
11722
11789
11790
11791
11792
11793
11794
11795
11796
11467
11468
11469
11470
11472
11193
11194
11672
11671
11668
11666
11664
11670
11665
11669
11667
11674
11673
6621
10731
9
10628
11709
11712
11711
11714
11715
11718
11710
11713
11717
11716
11725
11724
11723
11726
11727
11731
11734
11705
11815
11814
11817
11816
11694
11797
11798
11799
11777
11845
11851
11842
11848
11652
11812
11843
11849
11840
11846
11844
11850
11653
11813
11841
11847
11775
11781
11695
11776
11697
11774
11747
11749
11760
11758
11756
11757
11762
11764
11762
11746
11748
11759
11755
11753
11754
11761
11763
11761
11703
11704
11702
11701
11700
11767
11768
11742
11743
11750
11751
11752
11801
11708
11802
11803
11800
11804
11772
11706
11707
11852
11853
11738
11739
5376
5377
8572
8574
8573
11864
11865
11866
11863
11867
6561
3442
11870
3536
11876
11955
11956
12256
12257
12258
12259
12260
12261
12262
12263
12264
8852
8851
8799
8801
8800
8855
8850
8849
8150
11894
11893
11903
11905
11904
1546
1548
1547
1550
1549
3283
12605
12605
2543
2542
4514
4513
12192
12196
12166
12167
12191
12192
12196
12166
12167
12191
12195
12193
12194
12196
12206
12207
12204
12205
12204
12205
12215
12219
12214
12214
12082
12078
12079
12080
12077
12102
12053
12070
12104
12060
12017
12018
12105
12610
12046
12047
12067
12066
12068
12069
12103
12005
12014
12007
12016
12006
12015
12072
12071
12073
12081
12075
12063
12074
12076
11783
11782
3259
2836
2423
11992
11993
11994
12108
11991
12107
11998
12001
12000
11989
11990
11237
2829
7748
10563
12121
5141
2427
2391
2390
11049
5818
5817
5912
5913
5909
5911
5910
12116
12117
3313
3314
3315
7265
10717
10719
10718
10721
10720
12118
12114
12115
2521
2523
2522
2524
2520
2526
2525
6492
6493
6494
6495
6496
6497
6498
6499
6501
6500
6502
6505
6506
6503
6504
9609
6564
12163
12120
12147
12151
12149
12141
12145
12143
12134
11427
6724
12133
12148
12152
12150
12142
12146
12144
12135
12168
2236
2235
7271
7270
2097
5823
5825
5826
5824
4907
4909
4908
4911
4910
4902
4904
4903
4906
4905
6325
6386
12293
12294
12336
12337
12344
12343
12359
12210
12209
12231
12230
12254
12369
12370
12249
12356
12357
12383
12384
12255
12392
12394
12220
12391
12366
12393
12372
12375
12334
12340
12339
12342
12341
12346
12345
12367
12368
12234
12347
12386
12388
12373
12374
12379
12377
12362
12364
12360
12390
12378
12248
12288
12289
12290
12225
12335
12156
12160
12154
12158
12232
12233
12226
12153
12157
12155
12159
12333
12297
12298
12300
12301
12331
12332
12330
12329
12328
12270
12277
12283
12431
12271
12279
12284
12432
12269
12276
12282
12430
12268
12275
12281
12429
12274
12287
12435
12272
12280
12285
12433
12273
12278
12286
12434
12203
12213
12267
12235
12236
12235
12236
12221
12218
12217
12216
12376
12363
12361
12365
12389
12212
12211
12208
12452
12452
12439
12439
12440
12440
12441
12441
12442
12442
12443
12443
12444
12444
12445
12445
12446
12446
12447
12447
12448
12448
12449
12449
12450
12450
12451
12451
12453
12453
12454
12455
12455
12456
12456
12457
12457
12458
12459
12459
3338
3339
3337
3281
12466
12470
12474
12475
12481
12483
12485
12480
12482
12484
12464
12465
12490
12499
12500
12501
12502
12503
12504
12491
12492
12493
12494
12495
12496
12497
12498
12487
12489
12488
12486
11418
11419
11420
11421
11422
11423
11424
11425
12512
144
146
145
148
147
150
149
152
151
153
183
211
216
212
209
208
197
200
174
157
167
159
176
177
156
207
190
191
193
194
160
195
178
184
217
205
165
179
192
188
218
203
201
196
163
173
186
189
182
158
204
198
181
187
168
202
214
206
180
185
219
172
171
164
161
170
169
175
215
199
213
210
166
162
220
2741
2769
2774
2770
2767
2766
2755
2758
2732
2715
2725
2717
2734
2735
2714
2765
2748
2749
2751
2752
2718
2753
2736
2742
2775
2763
2723
2737
2750
2746
2776
2761
2759
2754
2721
2731
2744
2747
2740
2716
2762
2756
2739
2745
2726
2760
2772
2764
2738
2743
2777
2730
2729
2722
2719
2728
2727
2733
2773
2757
2771
2768
2724
2720
2778
4382
5108
5406
5412
5407
5404
5403
5392
5395
5099
5023
5033
5025
5101
5102
5022
5402
5115
5116
5321
5389
5026
5390
5103
5109
5413
5400
5031
5104
5117
5113
5414
5398
5396
5391
5029
5098
5111
5114
5107
5024
5399
5393
5106
5112
5093
5397
5409
5401
5105
5110
5415
5097
5096
5030
5027
5095
5094
5100
5410
5394
5408
5405
5032
5028
5416
12513
3298
12514
12559
12560
12536
12541
12544
12543
12516
12517
12515
12518
3834
12548
12550
12547
12549
9504
12520
12533
12528
12530
12531
12527
12524
12529
12532
12522
12523
12534
12521
12526
12535
12525
12545
12546
12551
12552
8251
12592
12538
12539
3195
3196
12568
12540
12542
12561
12562
12563
12564
12565
12566
12567
12569
12570
12571
12572
12573
12574
12575
12576
12577
12578
12579
12580
12581
12582
12583
12584
12585
12586
12588
7222
7221
7919
7920
7922
7921
8732
11045
4318
7070
6483
12647
12646
12645
12644
12702
12703
12704
12705
12706
12707
12650
13784
13785
13691
13693
13786
12658
12660
12657
12659
12656
12655
12663
12665
12666
12661
12662
12664
12648
12649
12668
12670
12674
12676
12671
12673
12680
12682
12677
12679
12686
12689
12683
12685
12693
12695
12690
12692
12696
12698
12669
12675
12672
12681
12678
12687
12684
12694
12691
12697
12652
12899
12900
12901
13694
14307
14374
14377
13718
12653
12890
12891
12654
12892
12893
13719
14331
14332
12708
12710
12709
12712
12711
5791
4504
4562
11237
10475
10474
8234
7219
7616
3299
7226
7615
7223
9434
9435
9438
9441
9444
9436
9439
9442
9445
9434
9435
9438
9441
9444
9436
9439
9442
9445
7225
3009
3008
12617
13510
12618
12982
13138
12770
12771
12772
12773
13133
13132
12769
12968
12969
12970
12971
12958
12961
13957
14533
12959
12962
12964
12965
12966
12967
12983
12984
12980
14678
13623
13677
13134
13668
13668
13669
3621
13543
13544
10734
10737
10736
10735
12767
12857
12766
13302
13305
13304
13303
12934
12808
12807
12809
12810
12811
13428
13427
13139
12812
12813
12814
12815
12816
12817
12931
13426
12932
12884
12885
13425
12818
12819
13423
13424
12821
12827
12822
12823
13421
13310
13311
13339
13140
13420
12833
12834
12836
12835
12838
12837
12840
12839
12842
12841
13348
13349
13352
13350
13354
13351
13353
12843
13347
13136
13346
12933
13342
13341
13340
13337
12768
12858
12861
13099
13036
13335
13013
13012
13012
13011
12862
12865
12869
12870
13334
13033
13333
12936
12935
13331
13128
12886
12888
12889
12894
13717
13325
13324
13120
13323
12918
12920
12919
12922
12921
12923
13321
13322
13320
12993
12995
12992
12994
12999
13127
13126
13000
12996
12997
12939
12943
12947
13330
12951
12955
12957
12960
12963
13319
13318
13006
13317
13316
13315
13314
13313
13312
13309
13308
13307
13306
13029
14430
13345
13298
13301
13300
13299
13031
13032
13030
13021
13135
12976
12977
13098
13329
13038
12975
12974
13003
12985
13124
13123
13121
13125
13122
13004
14781
14782
13158
13137
13283
13284
13285
13286
13287
13288
13289
13290
13160
13163
12978
13097
13087
13088
13262
13264
13263
13266
13265
13268
13267
13270
13269
13271
57511
52576
14534
12989
12986
12988
14535
12987
13131
12990
12991
13130
13039
13145
13040
13041
13037
12981
13162
12998
13161
13042
13114
13116
13115
13118
13117
13119
12973
12972
12979
13028
13272
13274
13273
13276
13275
13278
13277
13280
13279
13281
13336
13129
13252
13254
13253
14759
13255
13002
13159
12916
13338
13344
13035
13043
13149
13151
13150
13153
13152
13155
13154
13256
13156
13261
13260
13259
13258
13257
13248
13251
13250
13249
12876
12877
13982
13110
13113
13112
13111
237
235
1855
234
236
238
1854
12942
12949
12941
12950
12937
12945
12938
12953
12954
12946
13244
13247
13246
13245
13174
13191
13176
13175
13188
13177
13190
13189
12879
13083
13086
13085
13084
13100
13102
13101
13104
13103
13106
13105
13108
13107
13109
11540
11548
11556
11535
11543
11551
11536
11544
11552
11537
11545
11553
11538
11546
11554
11533
11541
11549
11539
11547
11555
11534
11542
11550
12929
13291
13293
13292
13295
13294
13296
13200
13164
13166
13165
13168
13167
13170
13169
13172
13171
13198
13184
13180
13192
13178
13194
13205
13199
13204
13203
13202
13201
13182
13185
13186
13196
13181
13195
13183
13197
13187
13179
13193
13173
13082
13081
13080
13071
13063
13077
13065
13064
13067
13066
13069
13068
13076
13070
13078
13079
13075
13074
13073
13072
13048
13050
13049
14346
14347
14348
12825
13489
13490
13491
13492
13493
613
615
614
617
616
618
14178
14177
3967
13968
13023
13024
13025
13026
14009
14010
14013
14011
14012
14017
14015
14014
14542
14544
14543
9191
9190
13089
13096
13091
13090
13093
13092
13095
13094
13141
13144
13143
13142
14350
14351
14352
14353
13442
6929
6936
6931
6930
6933
6932
6935
6934
13495
13497
13496
13499
13498
13501
13500
777
778
392
4610
4611
4612
1020
1021
1022
4616
4617
4618
4613
4614
4615
13518
13665
13621
13483
13514
13515
13619
13528
13529
13530
13565
13611
13612
13575
13576
13463
13480
13566
13464
13481
13469
13470
13467
13468
13465
13466
13531
13534
13533
13532
13452
13540
13541
13542
13540
13541
13542
13516
13614
13535
13536
13537
13584
13587
13589
13591
13546
13547
13545
13524
13521
13520
13519
13583
13586
13588
13590
13585
13484
13555
13511
13512
13513
13511
13512
13513
13455
13459
13461
13453
13457
13456
13460
13462
13454
13458
13471
13517
13617
13509
8593
8591
8592
13539
13577
13578
13579
13538
13580
13664
13663
12537
6332
6393
13554
13476
13479
13478
13477
10394
10395
10393
13660
13661
13659
13656
13657
13662
13658
13552
13553
7941
9486
13507
13505
13506
13508
13228
13229
13230
13231
13232
13233
13234
13235
7911
13675
13674
13678
13680
13671
13670
13679
13681
13683
13682
13684
13673
13672
11174
13677
2591
6471
6472
13793
1788
13700
13701
14033
14045
13714
14243
14034
14046
13715
13716
14318
14313
13726
13727
13731
14473
13758
13759
13762
13780
14065
14066
14067
13781
13782
13783
13804
13806
13807
13808
13809
13810
13790
13792
13789
13791
13811
13822
13820
13821
13823
13824
13825
13826
13845
13685
13827
13828
13846
13829
13830
13847
13831
13832
13848
13833
13834
13849
13835
13850
13836
13837
13838
13839
13840
13842
13843
13871
13904
13907
13906
13905
13908
13909
13910
13911
13914
13915
13916
13920
13921
13922
13923
13924
13925
13926
13927
13728
13787
13788
13812
13929
13930
13956
14536
13960
13958
13959
14537
13961
13963
14538
13962
13964
13984
13965
13966
13970
13978
14227
14228
14229
13980
13983
13996
13999
13998
14002
14001
14007
14022
14023
14024
14029
14030
13917
13913
13928
13969
14565
13799
13704
13705
13702
13703
13764
14471
13738
13740
13739
13742
13741
13743
13763
13765
13732
13733
13734
13735
13736
13737
13732
13733
13734
13735
13736
13737
13732
13733
13734
13735
13736
13737
13732
13733
13734
13735
13736
13737
13732
13733
13734
13735
13736
13737
13732
13733
13734
13735
13736
13737
13706
13708
13707
13710
13709
13712
13711
13720
13713
13769
13768
13767
13730
13729
13721
13744
13751
13746
13745
13748
13747
13750
13749
13814
13815
13933
13935
13934
14020
14047
14021
13931
13932
13944
13947
13946
13945
13901
13900
13891
13883
13897
13885
13884
13887
13886
13889
13888
13896
13890
13898
13899
13895
13894
13893
13892
14025
13971
13973
13976
13975
13972
13977
13976
14004
14003
13902
13903
14000
14008
13997
13936
13943
13938
13937
13940
13939
13942
13941
13967
13212
13219
13214
13213
13216
13215
13218
13217
13879
13875
13880
13872
13873
13773
13774
13775
13776
13777
13778
13760
13760
13948
13955
13950
13949
13952
13951
13954
13953
13752
13754
13753
13756
13755
13757
13688
13817
13866
13860
13852
13862
13870
13858
13854
13868
13864
13856
13876
12924
12926
12925
12928
12927
13986
13988
13987
13990
13989
13992
13991
13994
13993
13995
13224
13227
7091
7094
7093
7092
3830
3829
10760
14126
14125
14115
14117
14114
14113
14116
14119
14121
14118
14120
14122
14135
14136
8736
14144
12589
14145
14145
316
14165
14167
14163
14171
14169
6306
6367
949
951
950
953
952
7658
7661
7659
7662
7660
6294
6356
724
717
718
719
9283
9284
9285
9286
426
431
432
676
1192
1195
14707
14707
14707
14707
14707
14707
14707
14707
14707
14708
14708
14708
14708
14708
14708
14708
14708
14708
14709
14709
14709
14709
14709
8376
4805
2501
2503
2502
2506
2505
2504
2507
2508
2509
48
6596
46
45
6597
6598
47
60
61
63
59
62
7485
7488
7486
7487
14147
14149
12596
14148
395
1856
1857
14150
12595
12593
14151
14153
14152
12387
12385
1212
1210
14230
6877
11736
11735
1126
6342
2990
8643
12730
12731
12732
12733
12734
12736
12738
12755
12757
12758
12735
12738
12739
12761
12763
3567
3923
14179
14179
14204
14199
14191
14189
14193
14197
14195
14180
14181
6327
6388
6308
6369
6331
6392
6295
6357
6299
6360
6293
6355
6118
6349
6292
6354
6326
6387
6318
6379
6321
6382
9246
9248
9247
9249
7996
7997
6307
6368
6311
6372
6309
6370
6312
6313
6314
6315
6316
6317
6373
6374
6375
6376
6377
6378
6310
6371
6300
6301
6302
6303
6304
6305
6361
6362
6363
6364
6365
6366
6330
6391
6347
6346
1134
1135
1128
6344
6320
6381
6298
6359
6333
6336
6335
6334
6394
6395
6397
6396
6328
6389
6319
6380
6324
6385
6337
6338
6399
6339
6400
6398
6120
6351
6119
6350
6121
6352
4115
6348
1129
6345
6329
6390
6322
6383
7895
7894
8529
8528
6291
6353
10492
10493
6297
6358
1127
6343
6323
6384
13027
9039
9025
14779
14780
864
865
8474
8476
8475
8470
8473
8472
8471
14490
14491
14494
14495
14577
14578
14582
14704
14657
14776
14658
14421
14420
14420
14492
14493
14785
14519
14775
14206
14675
14676
14208
14774
14211
14209
14212
14213
14216
14215
14218
14219
14221
14268
14231
14232
14240
14301
14342
14343
14344
14510
14362
14365
14363
14366
14487
14506
14503
14507
14504
14508
14505
14520
14545
14546
14547
14548
14549
14561
14557
14558
14559
14560
14552
14550
14553
14554
14555
14556
14551
14563
14562
14564
14566
14573
14575
14567
14574
14569
14570
14571
14572
14568
14580
14581
14584
14589
14585
14590
14586
14591
14587
14592
14588
14593
14662
14679
14680
14684
14688
14702
14703
14705
14710
14713
14789
14711
14712
14788
14724
14725
14726
14729
14728
14727
14514
14375
14380
14685
14687
14762
14706
14509
14761
14515
14516
14715
14714
14683
14777
14496
14736
14733
14214
14659
14660
14511
14656
14512
14740
14661
14476
14475
14477
14671
14674
14673
14672
14778
14760
14634
14635
14677
14529
14529
14692
14694
14693
14696
14695
14698
14697
14700
14699
14701
14773
14741
14748
14743
14742
14745
14744
14747
14746
14391
14397
14415
14435
14392
14398
14416
14435
14663
14670
14665
14664
14667
14666
14669
14668
14399
14417
14437
14456
14400
14418
14438
14455
14646
14653
14648
14647
14650
14649
14652
14651
14716
14723
14718
14717
14720
14719
14722
14721
14771
14772
14763
14770
14765
14764
14767
14766
14769
14768
13157
13974
3928
3929
3928
3929
14749
14750
14751
14754
14753
14752
14429
14540
14541
1391
1392
1393
13005
14654
14655
13044
13047
13046
13045
13034
14790
14791
14792
1948
1947
14235