9030
9031
9032
11380
11381
26300
30157
30158
16469
2030
6189
6190
16657
24009
10082
37947
36555
43895
3294
4304
39241
22721
12100
48171
51496
50698
28565
6150
4306
32215
32216
28563
22725
2031
31623
51501
2097
39242
39458
9682
25730
7184
40149
40297
27724
21792
12102
50563
7183
9736
26181
47392
27516
22714
47925
48169
39490
32739
22713
12611
8750
35877
27517
39391
16641
21304
25824
20365
4309
55330
14889
56964
8748
4310
14887
20375
40733
39395
50732
787
8717
11696
35937
25720
11695
10820
51772
42395
1278
1276
10819
10833
10831
10829
26576
26185
20000
26186
26575
20001
9036
40758
36686
34761
26259
26260
26261
49595
49596
26262
26263
35949
35950
36203
42833
11364
11365
34760
10834
34764
1292
50733
37391
37392
10814
36563
22726
14890
4926
4928
4927
14826
14827
14828
14829
14830
14831
14825
12111
8689
6
43027
14916
43029
43031
43028
43030
8
7
9
28929
28928
1286
1284
1282
1283
1289
13208
13209
40878
13197
13198
13199
187
5825
4866
4867
173
172
16648
10822
42391
40756
36683
34773
34768
6754
879
10827
3641
6232
5125
57340
24102
880
22973
27536
42162
6097
3646
884
29100
46805
54778
12897
24150
30930
8747
878
34766
313
15507
15506
22300
15508
22476
22475
22473
5583
22474
5585
5584
10832
36681
40754
34765
8060
8059
8058
8063
8062
8061
8057
8077
8064
8056
8055
8053
8052
8054
8051
8069
8066
8065
8067
8070
8068
8071
8076
8075
8074
8072
8073
6752
13566
13564
13563
17116
17117
17118
17119
34771
2844
2845
2846
2847
2848
4142
34762
34763
7871
7869
7868
7870
7867
7872
7874
7873
7875
7878
7877
7876
7880
7879
7882
7881
4525
6800
10079
37944
10943
11161
10080
37945
11360
11361
4526
1318
2092
2091
1319
3648
2023
6803
6804
7944
7943
7942
7947
7946
7945
7941
7961
7948
7940
7939
7937
7936
7938
7935
7953
7950
7949
7951
7954
7952
7955
7960
7959
7958
7956
7957
9034
40760
36688
4144
4145
4146
171
170
40877
13194
13195
13196
11367
36204
11366
10821
10830
6802
11362
11363
7236
36205
11368
11369
36206
11370
11371
36207
11372
11373
36208
11374
11375
34770
3037
4527
4532
4539
26835
5134
5135
5137
5138
5139
5129
5130
5131
5132
5133
6801
40872
13179
13180
13181
34767
6753
6755
13284
13283
6757
6756
6758
4706
4708
13568
13569
13570
13571
13572
34769
13649
13650
8087
8086
8085
8090
8089
8088
8084
8104
8091
8083
8082
8080
8079
8081
8078
8096
8093
8092
8094
8097
8095
8098
8103
8102
8101
8099
8100
8114
8113
8112
8117
8116
8115
8111
8131
8118
8110
8109
8107
8106
8108
8105
8123
8120
8119
8121
8124
8122
8125
8130
8129
8128
8126
8127
7975
7974
7973
7978
7977
7976
7972
7992
7979
7971
7970
7968
7967
7969
7966
7984
7981
7980
7982
7985
7983
7986
7991
7990
7989
7987
7988
17273
17274
17275
17276
17279
17277
2576
2575
13150
4771
13148
13149
13151
13152
13162
13163
13164
13165
6780
2932
2933
6791
6792
6793
6794
6795
36209
11376
11377
8028
8033
8030
8029
8027
8032
8026
8046
8031
8025
8024
8022
8021
8023
8020
8038
8035
8034
8036
8039
8037
8040
8045
8044
8043
8041
8042
635
13552
13545
13565
13567
13553
13546
13293
13294
16605
16604
16599
377
56126
6762
6763
6764
40874
13185
13187
13186
13212
13213
13217
13226
13235
13244
13253
13262
27073
37441
46564
6805
13642
13643
13644
13645
13646
13647
7722
7726
7724
7723
7721
7725
7718
7717
7715
7720
7714
7719
7716
7713
7734
7732
7728
7727
7733
7729
7731
7730
7735
7742
7741
7739
7738
7740
7736
7737
13137
13138
13139
13140
11378
11379
18137
13648
13510
21
9668
24716
55353
15480
15481
15479
15477
30173
28822
34947
30172
15478
5910
5909
4026
11383
11385
11382
11384
17962
17963
17964
17965
17132
23271
7787
7791
7785
7784
7786
7790
7789
7788
7781
7780
7778
7783
7777
7782
7779
7776
7797
7793
7792
7798
7794
7796
7795
7799
7805
7803
7802
7804
7800
7801
22520
22523
22524
22518
22521
22519
22522
22525
22528
22531
22527
22530
22526
22529
19058
3851
19059
3830
3845
19057
7808
3846
3848
3850
3847
3849
3835
3838
3839
3836
19064
19055
3840
3843
19061
3852
3842
3853
3854
7813
19054
3841
19062
19060
3837
19056
3844
19063
19083
19084
19085
19094
19071
19086
19090
19087
19088
19068
19091
19073
19093
19069
19074
19075
19095
19077
19097
19076
19066
19078
19070
19096
19082
19081
19080
19079
19089
19072
19092
19067
20102
19107
20103
20106
20100
20105
19100
20107
19111
19104
19098
19105
19108
20110
20112
20109
20099
20108
20113
20104
20115
20116
19109
19103
19106
20114
20111
19110
20101
19099
19101
19102
30508
30513
30503
30515
30509
30507
30502
30504
30506
30505
30512
30514
30511
30510
30516
12943
13407
13405
13406
2153
10250
31942
26755
8003
8002
8001
8006
8005
8004
8000
8019
7999
7998
7997
7995
7994
7996
7993
8011
8008
8007
8009
8012
8010
8013
8018
8017
8016
8014
8015
40771
6774
39396
11601
14888
4308
6164
11734
36570
1814
4820
4818
40873
13182
13183
13184
9221
9220
9219
9218
9222
9215
9217
9214
9216
2976
2975
23932
23935
23931
11670
24956
23934
23933
13297
2150
2151
2152
20828
7855
7853
7852
7854
7851
7856
7858
7857
7859
7862
7861
7860
7864
7863
7866
7865
23
29226
2672
13216
7053
13671
31881
31880
56115
56114
56113
30268
10529
29103
29104
29105
29106
50902
57331
36086
34344
29327
32665
39239
26254
25937
31726
14005
14009
14006
14008
14007
15250
15251
4535
5126
26761
22697
22698
6799
6798
6797
6796
26801
26802
26492
26796
26805
26806
33481
33482
32546
32547
26811
26812
26807
26808
26797
26798
26809
26810
26803
26804
26799
26800
25349
12239
26858
26859
26860
26870
26871
26872
26862
26863
26864
26297
26298
26299
26830
26831
26832
26840
26846
26852
26841
26847
26853
26842
26848
26854
26843
26849
26855
26844
26850
26856
26868
13641
13573
13296
6850
6853
6848
6883
6890
6891
6892
6854
6855
26758
26757
13169
13669
40774
40775
6782
6783
6759
6760
6761
6768
13528
13574
13560
13559
13300
13577
4528
6786
26383
13578
4529
4531
4538
5136
4533
4540
4541
4534
56135
56134
56133
13295
13299
4536
5121
3359
4004
4005
2211
55907
13639
114
4537
5127
304
299
298
26669
26670
22681
13370
23709
56138
6787
6788
6789
6790
11387
11386
13155
13547
13554
10439
10438
13497
13498
26707
14886
28595
2693
47345
28861
43697
41315
40473
30989
44630
19051
50748
30087
4483
29321
30926
28594
41493
53015
34343
10562
30267
53260
21301
28816
26711
13515
13157
9013
9011
9012
9010
9014
9018
9016
9017
9015
9019
9023
9021
9022
9020
9024
13376
56127
24984
24986
24987
24991
24985
24988
6765
6766
6767
40776
40777
6784
6785
40772
6775
40773
6776
6769
6770
13798
13799
13800
13801
13802
13803
13804
13805
13806
13807
13808
13809
13810
13811
13812
13813
13814
13815
13816
13817
13818
13819
13820
13821
13822
13823
13824
13825
13826
13827
13828
13829
13782
13783
13784
13785
13786
13787
13788
13789
13790
13791
13792
13793
13794
13795
13796
13797
13298
13579
13307
13308
13309
13749
13748
13742
13736
13745
13746
13747
13735
13738
13743
13740
13737
13741
13739
13744
13734
6748
6749
6750
6751
13659
5128
13312
13344
13345
25274
25275
13555
13548
13549
13556
13550
13557
416
25818
3500
13366
13367
13368
13530
13529
13532
13531
13533
13535
13534
13536
13538
13537
13539
13541
13540
13542
13544
13543
13551
13558
13562
13561
13575
13576
5146
5149
13337
5150
5147
5151
5148
5141
5144
5145
5142
5143
5140
6727
6728
6729
6730
6731
6732
6733
6734
6735
6736
6737
6738
13301
13302
13303
26213
26240
13304
13694
26214
13305
13695
5153
5152
5154
5155
5631
5632
5907
13156
13153
13499
13503
13501
13502
13505
13522
13373
13154
13166
13167
13168
13170
20876
34713
15971
15970
6739
6740
6741
6742
6743
6744
6745
6746
6747
13306
13696
13665
13685
13687
13686
13684
13688
27072
13689
13666
13667
13668
13670
13674
13672
13673
13681
13682
13683
9341
9257
9342
8730
8733
8732
8989
8990
8991
9001
9000
8999
50722
50720
50721
13286
13285
13288
13287
13290
13289
13292
13291
13346
13347
13348
13349
13511
13512
13513
13517
13514
13518
13523
13516
13525
13526
13527
13519
13521
13520
13524
40875
13188
13189
13190
40876
13191
13192
13193
13171
18809
18808
13158
13159
13160
13161
6521
40423
13331
13332
13333
13334
13335
13336
13313
13314
13315
13316
13317
13318
13311
13310
13377
14011
13640
18766
18767
18768
18769
18770
18771
18805
18804
13384
13385
18807
18806
13386
13387
13651
13652
13653
13654
13655
13202
13203
13200
13201
13204
13205
13206
13207
13174
13378
13374
13375
13660
13661
13379
13380
13392
13393
13394
13395
13396
13390
13726
13391
13727
4618
4650
5165
6093
6094
6095
6096
7185
8712
10058
10824
17640
17641
17642
17643
21795
24969
24970
26179
30136
30137
30138
13656
13657
13658
13397
13404
13388
13389
13398
13399
13402
13403
13400
13401
18779
18778
13129
13130
13131
13132
13133
13134
13135
13136
13147
13142
13143
13144
13381
13382
13383
13507
13508
13491
13492
13493
13662
18773
18772
13173
13172
13663
13664
13343
13678
13675
55901
13638
13637
13636
13215
13177
13175
13176
18781
18780
13178
18783
18782
18785
18784
18799
18798
56118
56117
56116
13679
13676
18787
18786
13680
13677
13781
13780
13774
13768
13777
13778
13779
13767
13770
13775
13772
13769
13773
13771
13776
13766
13765
13764
13758
13752
13761
13762
13763
13751
13754
13759
13756
13753
13757
13755
13760
13750
18789
18788
56121
56120
56119
18791
18790
18793
18792
19795
18794
18797
18796
18801
18800
18803
18802
51933
11729
36569
13369
18775
18774
18777
18776
56136
56137
13319
13320
13321
13322
13323
13324
13325
13326
13327
2715
3521
3520
22511
22514
22517
22513
22516
22512
22515
22404
22507
22510
22406
22509
22405
22508
22497
22500
22503
22499
22502
22498
22501
27044
25955
56124
56125
56122
56123
13356
13357
13358
13359
13360
13342
13341
34963
13214
13224
13233
13242
13251
13260
13269
27080
37453
37461
40856
40879
40881
40883
40885
40899
40901
40903
40909
40911
40913
13222
13231
13240
13249
13258
13267
27078
37451
37459
40854
13220
13229
13238
13247
13256
13265
27076
37448
37450
40852
13218
13227
13236
13245
13254
13263
27074
37442
37446
40850
13225
13234
13243
13252
13261
13270
27081
37454
37462
40857
40880
40882
40884
40886
40900
40902
40904
40910
40912
40914
13223
13232
13241
13250
13259
13268
27079
37452
37460
40855
13221
13230
13239
13248
13257
13266
27077
37449
37458
40853
13219
13228
13237
13246
13255
13264
27075
37443
37447
40851
13277
40915
13271
13274
13280
13278
40916
13272
13275
13281
13279
40917
13273
13276
13282
13494
13495
13496
20288
20656
19000
23731
21894
21893
1764
52645
2038
36566
18242
823
41652
25648
27110
27107
27108
27109
27499
27979
27980
20648
20650
28824
28827
20651
19215
20649
28830
50726
19217
28596
28597
23955
29309
29308
55163
5580
10516
5353
52452
11082
20359
12875
44728
4705
4707
31712
4277
13328
13329
13330
20247
4877
4878
7565
7562
7564
7561
7563
7568
7567
7566
7570
7569
7571
34729
34731
26266
28818
28823
27537
29681
29668
29670
29682
29669
29671
13210
13211
6162
51935
11731
36571
17031
29088
4278
51934
11732
26264
26664
26661
26662
26663
68
29146
29147
29148
29149
31858
31859
31860
31861
29151
29152
29153
37492
37493
37494
37495
37496
37497
37498
37499
37500
50710
37501
37502
37503
37504
37505
37506
37507
37508
37509
37510
37511
37512
37513
37514
37515
37516
37517
37518
37519
50711
37520
37521
37522
37523
37524
37525
37526
37527
37528
37529
37530
37531
37532
37533
37534
37535
37536
37537
37538
37539
37540
37541
37542
37543
37544
37545
37546
50712
29157
29164
29165
29166
32539
26713
32538
32540
32537
32541
31983
29169
30403
29212
29224
29214
29206
29186
29180
29188
29167
29218
29198
29176
29178
29204
29200
29196
29184
29190
29220
29216
29210
29208
29192
29202
29222
29194
29182
29213
29225
29215
29207
29187
29181
29189
29168
29219
29199
29177
29179
29205
29201
29197
29185
29191
29221
29217
29211
29209
29193
29203
29223
29195
29183
50706
29173
29170
46226
29172
29175
26714
39621
29174
31981
31982
31979
29171
29625
31980
40778
44936
29227
11761
13621
13628
13635
29362
29363
29364
29365
29366
29367
29368
29369
29370
29371
29372
29373
29374
29375
29376
29377
29378
29379
29380
29381
29382
29383
29384
29385
29386
29387
29388
29389
29390
29391
29392
29393
29394
29395
29396
29397
29398
29399
29400
29401
29402
29403
29404
29405
29406
29407
29408
29409
29410
29411
29412
29413
29414
29415
29416
29417
29418
29419
29420
29421
40780
40781
40782
40783
40784
40785
40786
40787
40788
40789
40790
40791
40792
40793
40794
40795
40796
40797
40798
40799
40800
40801
40802
40803
40804
40805
40806
40807
40808
40809
40810
40811
40812
40813
40814
40815
40816
40817
40818
40819
40820
40821
40822
40823
40824
40825
40826
40827
40828
40829
40830
40831
40832
40833
40834
40835
40836
40837
40838
40839
40840
40841
40842
40843
33354
33355
33356
33357
33358
33359
33360
33361
33362
33363
33364
33365
33366
33367
33368
33369
33370
33371
33372
33373
33374
33375
33376
33377
33378
33379
33380
33381
33382
33383
33384
33385
33386
33387
33388
33389
33390
33391
33392
33393
33394
33395
33396
33397
33398
33399
33400
33401
33402
33403
33404
33405
33406
33407
33423
33424
33425
33426
33427
33428
33429
33430
33431
37547
29422
29423
29424
29425
29426
29427
29428
29429
29430
29431
29432
29433
29434
29435
29436
29437
29438
29439
29440
29441
29442
29443
29444
29445
29446
29447
29448
29449
29450
29451
29452
29453
29454
29455
29456
29457
29458
29459
29460
29461
29462
29463
29464
29465
29466
29467
29468
29469
29470
29471
29472
29473
29474
29475
29476
29477
29478
29479
29480
29481
29482
29483
29484
29485
29234
29236
34654
29230
29233
29231
37630
29232
29235
31985
40844
29237
40845
29238
40846
29239
40847
29240
49993
40848
29241
29247
29253
29261
29262
29267
29111
29112
29270
29271
29272
29273
29274
29275
29276
29277
3937
3939
3938
3999
3998
51371
29322
2142
29336
29337
29315
29631
1992
13509
20947
20946
6970
6969
5051
29875
29764
29763
29772
29770
29779
29780
34899
28789
34898
28790
733
734
29300
20792
8807
8808
20791
21305
30012
30013
28859
7421
28914
29090
29096
29097
43477
31607
31725
32491
32492
30373
31584
29098
29099
34742
34743
34746
34717
34744
34745
30371
30372
32489
32490
29094
29095
882
881
51559
6163
11730
6945
51937
36572
51936
11733
4874
6166
16656
16655
16654
8997
8998
8734
8972
8987
8988
9003
9004
9005
9158
8731
9002
9343
50723
8993
8996
50718
50719
8973
8974
8985
8986
50716
50717
19232
19235
19227
19231
19234
19233
19236
19228
30966
15615
15616
15617
26703
26704
19030
19031
19033
19034
19035
16843
16845
16844
16847
16846
16848
300
7641
7645
7643
7642
7640
7644
7637
7636
7634
7639
7633
7638
7635
7632
7653
7651
7647
7646
7652
7648
7650
7649
7654
7661
7660
7658
7657
7659
7655
7656
11388
11389
11393
26756
27376
27375
27377
21302
10377
27378
26256
26265
30274
30277
30276
30275
30980
30920
30922
30924
30986
30985
30602
30603
30670
30671
37739
30796
8975
8977
8979
8976
8978
8980
15342
30279
31714
2816
31554
10530
34772
32154
56128
31986
31984
31625
31825
32303
31827
31829
31828
31830
31832
31831
31833
31835
31834
31836
31838
31837
31839
31841
31840
30553
30555
30554
33614
12093
2670
2671
4488
4489
32215
32216
25341
32208
4179
4180
8878
1993
30953
30952
30954
30955
2950
2951
2953
2945
2946
2952
2947
2948
2949
7284
7285
7277
7278
7281
16653
10041
2376
2378
2377
33408
33409
56075
33410
2407
11978
692
14360
34866
11851
23725
33411
33412
33413
33414
33415
33419
33416
33417
33418
33420
19922
8488
8487
8489
8486
8485
8483
8482
8484
8481
8491
8490
8495
8492
8494
8493
8496
8501
8500
8499
8497
8498
8513
8512
8514
8507
8504
8509
8511
8506
8502
8503
8508
8505
8510
8516
8515
8518
8522
8521
8524
8523
8519
8520
8517
8531
8534
8533
8526
8525
8529
8528
8530
8532
8527
34017
34016
34015
34020
34019
34018
34014
34034
34021
34013
34012
34010
34009
34011
34008
34026
34023
34022
34024
34027
34025
34028
34033
34032
34031
34029
34030
33480
3443
8661
8664
8658
8663
8660
8656
8657
8659
8662
8669
8670
8666
8668
8672
8671
8665
8667
8678
8674
8673
8679
8675
8677
8676
8680
8686
8684
8683
8685
8681
8682
33718
33717
33719
33720
33721
33704
33703
33701
33700
33702
33699
33705
33707
33706
33708
33710
33709
33713
33716
33715
33711
33712
33714
18261
18262
34429
33771
33816
33795
33788
33763
33796
33809
33785
33774
33766
33780
33784
33762
33797
33781
33792
33794
33798
33776
33823
33786
33799
33813
33773
33789
33802
33793
33764
33767
33803
33768
33765
33804
33783
33805
33824
33800
33822
33772
33808
33769
33818
33811
33778
33812
33779
33791
33806
33815
33821
33790
33810
33819
33817
33814
33820
33770
33807
33775
33787
33801
33777
33782
33882
33841
33868
33881
33857
33867
33859
33851
33875
33846
33860
33861
33862
33835
33872
33877
33840
33828
33825
33885
33829
33870
33844
33842
33849
33865
33863
33853
33858
33826
33869
33871
33873
33843
33830
33874
33864
33878
33879
33836
33847
33832
33848
33883
33833
33838
33884
33886
33856
33852
33854
33837
33855
33827
33850
33876
33839
33834
33880
33831
33866
33845
33902
33920
33905
33919
33899
33937
33900
33893
33890
33894
33913
33927
33932
33946
33911
33922
33936
33921
33924
33906
33887
33892
33888
33931
33926
33912
33918
33929
33930
33941
33910
33896
33904
33923
33939
33933
33889
33947
33917
33934
33943
33914
33897
33915
33935
33938
33944
33925
33916
33940
33945
33948
33898
33908
33901
33942
33928
33903
33909
33907
33895
33891
33971
33976
33949
33965
33967
33950
33951
33952
33964
33959
33973
33954
33975
33978
33955
33968
33956
33957
33970
33958
33972
33960
33969
33953
33962
33963
33961
33974
33966
33977
41864
41865
27719
25808
27718
28430
27267
10517
27721
22819
14367
28549
28431
27263
27720
27265
20325
16700
28548
24347
10355
28432
39238
10584
57330
12798
11338
10083
37959
10357
24101
42837
36559
32666
28547
16642
28546
6084
28433
18491
27292
27260
27254
10583
10061
10060
43985
7887
7885
7884
7886
7883
7888
7890
7889
7891
7894
7893
7892
7896
7895
7898
7897
7613
7617
7615
7614
7612
7616
7610
7609
7607
7606
7611
7608
7605
7623
7619
7618
7624
7620
7622
7621
7625
7630
7629
7628
7631
7626
7627
33995
33993
33991
33992
33996
33994
33997
30562
30564
30563
30559
30561
30560
33988
33986
33984
33985
33989
33987
33990
33317
34003
34001
33999
34000
34004
34002
34005
33671
33670
33668
33673
33667
33672
33669
33666
33678
33679
33675
33677
33680
33674
33676
33686
33682
33681
33683
33685
33684
33687
33691
33690
33692
33688
33689
7698
7702
7700
7699
7697
7701
7696
7694
7693
7695
7692
7707
7704
7703
7705
7706
7708
7711
7712
7709
7710
29311
34359
19206
19207
19209
19210
30987
30988
9100
9101
2072
16808
16809
16810
16811
29313
29312
29314
31926
12144
12145
12146
12147
12148
12149
12150
12151
12152
12153
12154
12155
12156
12157
12158
26363
17009
17100
18964
18965
8600
8599
8597
8596
8601
8598
8595
8606
8607
8603
8605
8602
8604
8609
8608
8610
8612
8611
8613
8617
8616
8614
8615
7588
7592
7590
7589
7587
7591
7586
7585
7583
7582
7584
7581
7597
7594
7593
7595
7598
7596
7599
7604
7603
7602
7600
7601
29130
30101
30098
30097
34661
34660
56129
26679
26680
33567
33568
6448
34712
11753
11754
11748
11757
11758
11755
11756
11749
11750
11751
11752
11745
11744
11629
11173
11170
11169
11168
11167
11747
11746
11172
11171
11166
11165
11759
11760
26199
26206
33322
33320
33319
33321
33318
41305
29350
29342
29358
34733
22773
22532
27095
410
53825
53343
53821
53822
53823
53824
53825
43780
11736
11735
11738
7840
7841
7842
7843
7844
7845
7846
11739
11742
11737
22422
36591
24960
24961
24962
24963
2586
52591
567
2229
3863
26114
26115
26116
26117
1189
34342
30664
30663
27555
27556
684
26366
25016
25017
25018
25019
25020
25021
25024
25025
25026
25027
25028
25029
33099
33093
33105
33346
1158
26668
26665
26666
26667
9098
32654
32985
7671
7675
7673
7672
7670
7674
7667
7666
7664
7669
7663
7668
7665
7662
7677
7683
7680
7681
7682
7679
7676
7678
7691
7689
7684
7688
7690
7687
7686
7685
55814
31685
31684
4812
4813
4814
27409
27415
27406
27412
27413
27410
27407
27411
27414
27416
27408
29346
29338
29354
29140
15270
32148
30943
30944
30945
9096
9093
9095
9094
24556
29120
2878
2879
18492
25809
13626
13619
13633
30266
11844
11845
11846
3862
18834
18833
30931
2483
29353
29345
29361
3789
3788
2375
1342
15420
24557
24558
24559
31672
31673
30666
29347
29339
29355
29119
2931
2922
2923
2924
2925
2912
2913
2914
2915
2930
30535
30540
30541
30545
27552
27553
20974
20976
20987
21252
26364
13624
13617
13631
28562
29142
8325
8326
8321
8322
8323
8324
8320
8319
8317
8316
8318
8315
8328
8327
8329
8331
8330
8332
8336
8335
8333
8334
29143
18511
18512
24004
13465
42342
29317
29319
29316
29318
29320
15403
8467
8466
8468
8463
8465
8462
8464
8476
8475
8474
8473
8478
8477
8480
8479
9734
37969
37970
15401
15402
29721
30556
30558
30557
15386
15364
15365
15362
15361
15409
15368
4515
4516
4517
15450
15441
15268
15260
4523
15267
15301
15304
15384
15385
15383
15382
34434
34433
34432
29335
15422
15421
15262
4387
4388
4408
26865
26861
28925
28924
7291
7293
7295
43479
28900
29122
34748
34750
34754
43478
34753
34751
34757
34759
34758
34756
34752
34755
34749
31618
31621
31622
23922
19005
23707
20786
26645
15345
23115
10251
6282
25014
30386
20843
12260
4389
4390
26642
26643
26644
23673
23674
23675
23676
23677
12355
12356
33013
33012
26727
26728
26731
26732
26733
26734
26735
26736
26737
7819
7820
26738
26740
26739
18814
15269
15271
15276
26741
26745
26743
26749
26747
11979
15996
7272
7273
7288
7289
7315
7316
7318
7319
7321
7322
7324
7325
7352
7353
4150
4151
4152
4153
4154
4155
4156
4157
1754
1753
24141
24139
24142
24140
34830
34829
33343
34828
15725
15722
15723
15724
15726
43866
29141
29144
4524
15263
15302
33351
18810
29131
29132
29133
15323
15336
15337
15354
15257
15356
15435
15369
15373
15374
15370
4521
4522
15397
15425
15394
15393
18815
26833
26839
26845
26851
15350
15351
15427
15428
15429
15430
15431
15432
27071
15326
15327
15328
15329
15338
15339
15357
15358
15359
15360
15330
15340
15355
33352
33353
18811
15366
15367
15363
15398
34839
34838
34855
26869
26296
26867
26857
15343
15346
15344
15399
15400
15404
15298
15405
6567
26634
6615
29718
15448
15439
15443
15444
15445
15446
15447
15277
15278
15279
15280
15281
15282
15283
15284
15285
15286
15287
15288
15289
15290
15291
15292
15293
15294
15295
15296
15261
15396
15392
15395
15424
15423
15406
15407
15408
15375
15376
41030
15275
13728
13729
13730
13731
13732
13733
27070
37438
37619
40770
15438
15426
15352
15353
29121
15324
15325
29145
15331
15259
15297
15303
15341
15433
15434
15317
15318
15319
15320
15321
15322
27068
27069
15305
15306
15307
15308
15309
15310
15311
15312
15313
15314
15315
15316
15256
15299
15300
29136
29137
29138
29139
15436
15437
18812
34852
34851
34867
18813
15380
15381
15390
15391
4518
4519
4520
15264
15265
15266
15273
15274
33347
33349
33350
41031
41032
41033
15377
15378
15379
34860
34861
34842
34843
20724
20723
20771
20772
20770
20721
20720
20722
10291
10292
10290
34872
34836
34837
18841
36581
36582
36491
36088
36087
36552
49610
49611
17239
34918
34917
34916
34915
34913
34912
34914
34911
36081
36076
36075
36210
2230
2265
19127
36698
2829
2827
37349
19337
30095
30103
30102
30099
30100
2014
2015
8584
8582
8581
8583
8580
8585
8587
8586
8588
8591
8590
8589
8593
8592
8594
36200
36199
3522
15186
15187
15194
15195
15196
15197
15188
15189
32411
32412
31929
31928
17238
22635
22634
13504
35984
36198
35985
36082
36490
36614
36615
36197
8809
9565
30969
30970
30971
30972
30096
5501
30968
30967
55352
37387
37388
37385
37384
37386
37390
37389
29091
5491
5490
23570
2831
20056
37402
37403
18846
18850
33314
18849
18847
18848
18845
29331
38036
37435
28496
28497
28498
37482
30533
30536
30543
30544
30546
30547
30549
31479
31480
36193
36192
36194
8645
8643
8642
8644
8641
8646
8648
8647
8649
8652
8651
8650
8654
8653
8655
26365
27398
27404
27395
27401
27402
27399
27396
27400
27403
27405
27397
10641
4765
4766
13592
13593
31879
31878
3508
3509
3510
3511
3512
3513
33180
33179
33181
33098
33092
33104
13623
13616
13630
33435
33432
33438
33101
33095
33107
33100
33094
33106
33102
33096
33108
33103
33097
33109
29352
29344
29360
33437
33434
33440
29349
29341
29357
33436
33433
33439
29351
29343
29359
27557
27387
27393
27384
27390
27391
27388
27385
27389
27392
27394
27386
22727
22728
22730
22732
18851
18854
18855
18852
33315
33316
18853
24976
8623
8622
8620
8619
8624
8621
8618
8629
8630
8626
8628
8625
8627
8632
8631
8633
8635
8634
8636
8640
8639
8637
8638
12561
3374
3383
3373
12563
3382
3375
12562
3372
26491
37621
37620
24722
24721
31484
27275
27280
27282
27269
27284
27277
27286
27290
27288
27271
32991
41746
32992
32993
32990
32994
23653
23654
23656
26270
14193
14194
14195
27785
42343
36674
36672
13372
30721
32445
32447
30720
26678
26677
36063
36074
36078
36062
36077
36072
36073
36066
36067
36064
36070
36071
36068
36069
35965
35977
35966
35980
35978
35979
35967
35973
35974
35969
35970
26272
26271
49095
11763
7454
696
11763
3305
3608
37989
3567
3568
3569
3566
3565
3570
3571
3572
3551
3552
3553
3554
3559
3560
3561
3562
3563
3564
3578
3579
3585
3582
3583
3584
3580
3581
23145
23133
23134
23135
23560
23561
23559
23557
23558
23138
23139
19032
19036
11404
11405
11406
11430
11630
11631
11632
11633
14398
14409
14402
14403
14404
11634
14399
10875
10876
10865
10860
10886
10888
10867
10868
10859
10861
10882
10884
10851
10855
14412
14413
14414
14835
14834
14833
14832
14836
14841
21120
21128
21129
21130
21131
21132
21133
21134
21148
21149
21150
21151
21152
21153
21154
21155
21156
21172
20210
23131
23144
20211
23547
16682
1948
14843
14844
14848
14845
14847
14846
14897
14894
15412
16062
16066
16067
15414
15417
15418
15419
16076
1747
15487
14898
14899
14911
14905
14901
14903
14919
14904
14920
14924
14922
14921
14925
23137
23132
23556
23542
23640
11643
11638
11639
11640
11657
11641
11644
11645
11646
36221
36231
36225
36237
36236
36234
36227
36228
36229
36238
36233
36235
36240
36241
36242
36243
36244
36245
36246
22572
22569
22564
22552
22557
22664
2393
14927
14928
14930
14929
14932
14931
15608
15609
15612
15611
15610
26635
28912
14946
14947
14991
14990
14987
14992
14994
14935
14936
14937
14938
14939
14944
14940
14941
14945
16466
17051
17052
17049
17050
30174
30175
17068
16518
31757
16533
33263
33264
33265
31678
31680
31679
31481
31482
16509
16510
16529
16530
6064
15165
374
12981
15463
13840
16546
16547
16548
10734
20776
15936
15938
15937
34396
34397
27531
22457
22453
22455
22490
22454
31943
2893
2892
30160
8562
8560
8559
8561
8558
8563
8565
8564
8566
8569
8568
8567
8571
8570
8572
7923
7921
7920
7922
7919
7924
7926
7925
7927
7930
7929
7928
7932
7931
7934
7933
9368
9369
8147
8148
8149
30854
30852
23274
23142
23143
35883
37978
38831
38833
38835
38837
38830
38832
38834
38836
38839
38838
39161
38451
38428
38436
38429
38437
38431
38439
38433
38441
38432
38440
38435
38443
38434
38442
38430
38438
38409
38416
38419
38412
38410
38417
38421
38414
38420
38425
38415
38411
38422
38424
38423
38413
38418
38446
38445
38444
38450
38449
38798
38801
38797
38800
38448
38447
38806
38807
38809
38810
38808
38811
38791
38792
38793
38794
38827
38828
38829
38455
38456
38457
38458
38459
38470
38477
14774
14773
38454
38463
38464
38466
38467
38468
38474
38453
3922
3921
3923
3924
3925
39550
30287
30286
30284
30285
30338
39620
39651
39689
7127
39234
35461
35462
35467
35451
35452
35454
35453
35456
35455
35463
35464
35458
35457
35466
35465
35460
35459
14504
14507
14506
14505
14503
848
34938
3647
849
14985
40179
39953
544
40073
39900
39906
39901
39907
39902
39908
39903
39909
40074
39912
40135
39913
40136
39914
40137
39915
40138
40078
40038
40116
40039
40117
40040
40118
40041
40119
40081
40080
40051
40194
40129
39943
40201
40052
40195
40130
39944
40202
40053
40196
40131
39945
40203
40054
40197
40132
39946
40204
40082
39924
40057
40144
40152
40188
39925
40058
40145
40153
40189
39926
40059
40146
40154
40190
39927
40060
40147
40155
40185
40191
40075
39918
39919
39920
39921
40076
39949
39950
39951
39952
39975
40208
40044
39976
40209
40045
39977
40210
40046
39978
40211
40047
40077
39936
40026
40122
39937
40027
40123
39938
40028
40124
39939
40029
40125
40079
39956
40063
39957
40064
39958
40065
39959
40066
40069
40071
40070
39968
40032
39969
40033
39970
40034
39971
40035
39930
39962
40018
40103
40109
39931
39963
40019
40104
40110
40020
40105
40111
39964
40021
40106
40112
39965
39893
39894
39895
39896
40307
40314
2793
2792
10047
24222
16527
16528
27990
34741
16513
16540
16541
16542
27988
27987
16521
16523
27984
27985
16524
16544
16522
29728
16464
29729
29730
16539
16534
16535
34834
28893
11768
29326
34655
33344
17042
19849
31850
33422
31848
31853
16519
16520
16552
17000
17047
17048
23548
16526
23140
23565
23567
23564
23563
17062
26382
17002
17002
26415
16537
16538
16537
16538
16465
9739
9740
14918
23565
23566
23567
14917
16511
2231
5948
5949
16545
30916
30917
28849
19042
21728
26400
26401
26402
26404
26405
26406
16543
16549
16550
16514
16515
16514
16515
16514
16515
17074
17475
17476
21738
21739
26880
26881
26882
26883
26572
26705
26875
26877
23568
23569
31758
31759
21727
10663
31809
12565
12566
12564
12567
40355
40356
19040
19041
3929
3930
3931
3932
3933
19043
31561
31561
31561
36692
36693
36694
36695
6165
4876
1151
20331
22772
22774
27092
10376
5595
4875
18416
23644
30280
28892
3485
42966
40383
40384
40385
3295
3296
3297
3298
3299
23645
23646
23647
2730
1199
2731
1201
1200
30977
30976
40415
40411
40412
40413
40410
49994
40416
40414
40409
40408
16884
16885
16886
21314
21315
28892
12776
3235
3236
31695
31696
31699
31697
39166
39168
154
3803
3804
26373
26377
26376
26372
23727
23728
23729
23730
4039
31846
40360
33254
33255
33257
33256
39094
39095
40431
40430
9354
9355
9358
9356
9357
3330
3331
3332
3333
3334
3335
3336
40435
40449
40436
40450
40451
7141
18493
30604
30605
41028
41029
41024
41025
41026
41034
41027
41161
42927
41159
55857
49985
41160
41164
42928
41162
55858
49986
41163
41132
41133
41134
41135
41136
41137
41138
41139
41140
41141
41142
41143
41144
41145
41146
41147
41148
41149
41150
41151
41152
41153
41154
41165
41166
41167
41168
41169
41170
41171
42929
42930
42970
49987
49988
49989
55859
55860
55861
41172
41173
41174
41175
41176
41177
41178
42971
42972
42973
49990
49991
49992
55862
55863
55864
41156
41155
41158
41157
41182
41179
41180
41181
41035
41036
41037
41038
41039
41040
41041
41042
41043
41044
41045
41046
41047
41048
41049
41065
41066
41067
41068
41069
41070
41071
41072
41073
41074
41075
41076
41077
41078
41079
41095
41096
41097
41098
41099
41100
41101
41102
41103
41104
41105
41106
41107
41108
41109
42861
42862
42863
42864
42865
42866
42867
42875
42876
42877
42878
42879
42880
42881
42889
42890
42891
42892
42893
42894
42895
49943
49944
49945
49946
49947
49948
49949
49957
49958
49959
49960
49961
49962
49963
49971
49972
49973
49974
49975
49976
49977
55815
55816
55817
55818
55819
55820
55821
55829
55830
55831
55832
55833
55834
55835
55843
55844
55845
55846
55847
55848
55849
41050
41051
41052
41053
41054
41055
41056
41057
41058
41059
41060
41061
41062
41063
41064
41080
41081
41082
41083
41084
41085
41086
41087
41088
41089
41090
41091
41092
41093
41094
41110
41111
41112
41113
41114
41115
41116
41117
41118
41119
41120
41121
41122
41123
41124
42868
42869
42870
42871
42872
42873
42874
42882
42883
42884
42885
42886
42887
42888
42896
42897
42922
42923
42924
42925
42926
49950
49951
49952
49953
49954
49955
49956
49964
49965
49966
49967
49968
49969
49970
49978
49979
49980
49981
49982
49983
49984
55822
55823
55824
55825
55826
55827
55828
55836
55837
55838
55839
55840
55841
55842
55850
55851
55852
55853
55854
55855
55856
40871
3879
3883
3882
3881
40361
1277
1280
1279
1330
1332
1331
16264
16265
9732
9733
9731
9730
31826
21025
13114
15990
30937
30936
5558
10807
30445
30444
30446
30442
30441
30439
30438
30443
30440
30437
30452
30448
30447
30449
30451
30450
30475
30454
30453
30474
30457
30456
30458
30459
30455
30865
2
2123
20063
38015
5625
24691
11324
22787
25194
4872
5007
16239
30869
21026
33194
33193
2804
2860
11399
2813
3379
210
14859
3759
5973
18404
4641
26310
5621
9144
30085
968
9149
2728
5489
2729
2725
2726
386
17451
1194
21029
18009
21447
5857
5046
4147
4296
25269
25270
1852
9515
25205
1876
24020
2723
5826
6236
1112
3757
3735
33308
592
31606
25204
30177
18211
19891
19926
17207
17209
30841
21028
966
3213
6948
21874
18459
12092
12091
13603
36594
9066
9333
12114
3348
16813
16693
4006
30840
2458
21443
8929
22822
21437
8930
21442
21444
21441
3044
23319
31190
31186
31189
31185
31187
31188
6443
6441
6445
6446
6442
6444
31202
31198
31201
31197
31199
31200
31208
31204
31207
31203
31205
31206
31172
31168
31171
31167
31169
31170
31220
31216
31219
31215
31217
31218
31196
31192
31195
31191
31193
31194
31178
31174
31177
31173
31175
31176
31184
31180
31183
31179
31181
31182
31214
31210
31213
31209
31211
31212
31142
31138
31141
31137
31139
31140
24803
31166
31162
31165
31161
31163
31164
31154
31150
31153
31149
31151
31152
22826
21918
22836
31148
31144
31147
31143
31145
31146
31160
31156
31159
31155
31157
31158
7396
11862
7393
11875
2810
2809
2805
2808
2807
2806
14436
30662
30668
18011
40896
11835
431
21032
14013
34445
18400
3651
3650
33146
29876
691
5809
5810
27544
15988
31286
31292
31282
31288
31285
31291
31281
31287
31283
31289
31284
31290
11762
31238
31237
31234
31235
31236
31233
31298
31294
31297
31293
31295
31296
11833
11834
2822
2821
2817
2820
2819
2818
31226
31222
31225
31221
31223
31224
3214
6865
18006
31280
31276
31279
31275
31277
31278
30805
7332
31268
31264
31267
31263
31265
31266
31903
31904
36573
4764
31256
31252
31255
31251
31253
31254
4935
31053
31058
31070
31082
31094
31106
16689
31274
31270
31273
31269
31271
31272
37853
31232
31228
31231
31227
31229
31230
31250
31246
31249
31245
31247
31248
23063
31244
31240
31243
31239
31241
31242
32627
24730
15469
5569
6206
9335
10954
7010
3371
25368
26343
34685
4882
4043
27045
18938
28553
6230
16236
31930
34874
28524
21147
2956
6971
4861
27520
871
10352
24731
24738
26295
824
27697
22828
4007
11876
3760
3758
2811
14035
34687
31921
31915
31931
27526
40358
2453
40357
25023
28802
28526
31723
33233
23318
6928
9293
10417
6447
2195
18102
21001
10076
10440
10809
9332
16248
2852
30283
31920
31939
31918
31905
34681
22824
22823
15713
15714
15715
16558
18458
12554
18399
2903
2904
30178
36495
14173
16244
7241
34514
30878
33246
33247
11836
3736
3380
3381
5858
5859
12770
12771
36556
40888
32198
32047
413
18403
17140
17141
41184
41188
43474
41185
43472
41190
41016
41015
41187
41186
41189
41183
13104
18228
25200
25287
1583
17268
709
708
707
30728
29722
30729
26345
26342
6009
18010
21033
31934
22782
15466
3649
392
33232
32958
19220
38034
27762
12122
14998
15991
36496
16975
16247
17150
18014
24500
6204
6946
30395
34788
37939
31936
41222
32744
12110
975
6880
6866
3376
17130
5429
17134
17133
17125
16955
34677
28531
18233
33612
11968
18761
18760
18763
18762
14885
14884
8961
22781
9324
27699
31911
10801
16254
36567
2785
31916
31935
31919
15987
29991
31902
16245
21932
20388
25411
4169
15986
15989
33127
33126
9328
31762
27524
27525
27521
9325
974
32986
40743
40742
40740
40739
22974
19221
33613
23175
23174
727
28648
15467
22543
898
2718
13591
22835
27429
20646
4149
34686
22542
21023
23633
40734
40735
40732
37434
6552
3790
3748
3722
3723
34284
34286
34288
34290
34293
34294
34295
34296
34297
34298
34299
34300
34301
34302
34303
34304
34305
34306
34307
34308
34309
34310
34311
34312
34313
34314
34315
14948
31719
31718
14915
14914
17267
23276
23275
9774
9773
9772
9770
9771
9769
9768
9775
41020
41227
41226
41021
41225
41223
41224
41228
41229
41230
32199
32202
32201
32200
8444
8443
8445
8440
8439
8437
8442
8436
8441
8438
8435
8452
8451
8447
8446
8453
8448
8450
8449
8454
8460
8461
8458
8457
8459
8455
8456
41299
41300
41304
41298
41303
41297
41296
41301
41302
56139
56140
23114
2363
41309
29889
35975
35976
41314
30417
30416
30418
30411
30408
30413
30415
30410
30406
30407
30414
30409
30412
30420
30419
30426
30422
30424
30427
30425
30421
30423
30434
30436
30429
30428
30432
30431
30433
30435
30430
8409
8408
8410
8401
8398
8403
8406
8405
8400
8396
8402
8397
8407
8399
8404
8412
8411
8414
8418
8422
8417
8421
8413
8419
8415
8416
8420
8433
8429
8431
8430
8424
8434
8423
8427
8426
8428
8432
8425
41236
41012
41233
41010
41011
40998
40999
40996
40997
41238
41239
41240
41241
41242
41243
41244
41245
41000
41004
40966
40968
40969
40970
40971
40972
40973
40974
40975
40976
40977
40978
40979
40967
40964
40965
10103
7036
7041
7043
7037
7033
6173
6174
6175
7032
7038
7035
7039
7034
41434
41435
41436
34513
2226
19997
736
697
10088
10089
10087
31914
31913
23962
23963
23961
23958
23959
23964
23960
15660
15661
15658
15659
11663
41448
41551
41547
41550
41549
41548
41574
41571
41572
41573
41575
41576
41589
41590
41412
41481
41545
41546
41593
30552
44050
44051
44052
44053
8795
8796
4381
4382
4385
4386
4904
4905
16224
16379
12064
16378
5571
5573
5572
25785
30195
3821
647
18351
2138
2134
6067
6066
6068
6069
13996
13995
13998
13997
13994
33020
16691
16692
22818
22814
22812
22816
22813
22815
22817
32626
24000
2944
7171
39642
27648
25600
10294
364
12434
9521
27221
14866
15105
12890
27228
11590
9097
4484
29064
29708
32987
36060
37949
40448
27780
32544
10976
10977
10981
10971
10974
10982
10978
10983
10973
10986
10972
10985
10979
10984
10975
10980
10958
10959
10961
10960
3402
10956
10955
10957
17246
17247
17245
17241
17240
17248
17249
17243
17242
17244
31932
9087
9086
9085
9088
9090
9102
9107
9103
9104
9108
9105
9116
9120
9117
9121
9089
9106
30960
30961
41013
18642
18643
18644
18645
18758
18759
18660
18661
18646
18647
18649
18746
18663
18648
18711
18635
18636
18637
18638
18623
18624
18625
18626
18631
18632
18633
18634
18627
18628
18629
18630
18689
18692
18690
18691
18695
18693
18694
18641
18667
18670
18673
18676
18679
18682
18664
18665
18666
18669
18672
18675
18678
18681
18684
18668
18671
18674
18677
18680
18683
18685
18686
18687
18510
18509
18516
18515
18519
18520
18521
18522
18523
18525
18526
41841
41842
41843
41844
41845
41846
41847
41848
41849
41850
7311
7312
7308
7313
7303
7305
7314
7310
7307
7309
7306
7304
2873
2874
2875
4858
4859
4860
23057
23058
18046
18045
28670
29937
29945
29946
29944
32633
22354
22352
22353
26073
10557
10555
10556
20164
20166
20165
20167
20168
10738
10736
10737
10739
31626
35882
35880
35881
35884
32630
6309
6307
6308
7006
7007
7008
7009
7002
7003
7004
7005
6279
11354
11357
23701
23702
23700
26167
26168
26169
27014
27015
27016
30638
30645
30653
25427
25426
25425
18865
23101
21773
21923
18434
18263
58
2013
2989
2990
2991
2992
2993
2994
19987
19986
19985
19988
25127
25128
25129
25130
25131
25132
25136
25117
25115
25116
25118
30648
30649
30646
30647
30644
30650
86
87
88
21731
21732
21733
21734
21735
24805
3824
34868
30947
6454
33177
8158
8156
8155
8159
8157
8154
8164
8161
8163
8160
8162
8168
8167
8166
8165
8170
8172
8169
8171
30034
29794
15935
4865
28856
18260
23706
23705
23704
23703
20230
20135
21920
31790
22624
21085
28895
28896
28897
28898
42350
28894
400
4105
4098
4096
4099
21272
4102
4104
9008
4094
4103
4093
9007
9009
4097
4100
9006
28866
28865
21271
4101
4095
3756
28654
4767
28755
28754
9256
9255
34562
34564
34563
34570
34569
34568
12786
12783
9683
15902
24502
8355
8356
8357
8348
8345
8350
8353
8352
8347
8343
8349
8344
8354
8346
8351
8359
8358
8361
8365
8369
8364
8368
8360
8366
8362
8363
8367
8380
8376
8378
8377
8371
8381
8370
8374
8373
8375
8379
8372
32973
34905
18461
32743
18856
10508
6512
6514
6513
6516
6515
6517
6630
10105
1126
3216
1767
40944
15928
15929
18231
588
6193
33148
14269
406
12453
18008
16235
1186
15227
29755
7253
10174
16859
22783
20151
6326
7224
6324
6325
6080
31797
908
29756
29754
25464
33307
21256
21257
21255
10158
21259
21258
21260
21280
27366
27770
1988
32518
38590
5863
21269
21270
21273
21276
21277
21278
21265
21266
21267
21261
21262
21263
5862
6644
18007
1150
12089
20949
20948
27510
31717
20932
20931
34873
17766
32516
910
3514
27523
5613
30260
17137
17782
13842
21268
21264
4092
4091
4090
29878
21024
18836
18840
18837
18839
18838
18835
13435
23591
21055
28837
20813
20811
20812
9980
8196
8194
8193
8195
8192
8197
8199
8198
8200
8203
8202
8201
8205
8204
8206
38035
27761
34683
8262
8265
8259
8264
8261
8257
8258
8260
8263
8270
8271
8267
8269
8273
8272
8266
8268
8279
8275
8274
8280
8276
8278
8277
8281
8287
8285
8284
8286
8282
8283
25443
8869
8867
8866
8868
8865
8181
8179
8178
8180
8177
8182
8184
8183
8185
8188
8187
8186
8190
8189
8191
9044
9045
9046
9047
9048
9049
9050
9051
9052
9053
9054
33654
33652
33651
33653
33650
33655
33657
33656
33658
33661
33660
33659
33663
33665
33662
33664
8216
8215
8213
8218
8212
8217
8214
8211
8223
8224
8220
8222
8225
8219
8221
8231
8227
8226
8228
8230
8229
8232
8236
8235
8237
8233
8234
8293
8292
8290
8289
8294
8291
8288
8299
8300
8296
8298
8295
8297
8302
8301
8303
8305
8304
8306
8310
8309
8307
8308
8242
8240
8239
8243
8241
8238
8248
8245
8247
8244
8246
8252
8251
8250
8249
8254
8256
8253
8255
7903
7901
7900
7902
7899
7904
7906
7905
7907
7910
7909
7908
7912
7911
7914
7913
30010
30004
30001
30007
29998
30011
30005
30002
30008
29999
30009
30003
30000
30006
29997
26306
12065
27046
37852
18016
38037
22976
22977
26312
2379
21934
21936
21935
21937
21931
21930
5550
24689
24688
17899
30086
911
37842
37843
37818
37819
32632
5860
44288
7391
21933
2309
17769
10795
26368
16894
915
21010
6629
6267
9145
6323
401
2494
40474
40475
967
32015
872
19930
30491
30492
30493
30488
30490
30487
30489
30496
30495
30494
30498
30497
30499
33744
33748
33742
33741
33743
33747
33746
33745
33739
33738
33736
33735
33740
33737
33734
33754
33750
33749
33751
33753
33752
33755
33759
33758
33760
33756
33757
36065
35968
402
18876
40476
8539
8537
8536
8538
8535
8540
8542
8541
8543
8546
8545
8544
8548
8547
8549
7101
32423
32426
32422
32424
32425
7758
7755
7754
7757
7756
7752
7751
7749
7748
7753
7750
7747
7764
7760
7759
7761
7763
7762
7765
7769
7768
7770
7766
7767
1413
1408
1409
1410
1411
1412
4827
36493
25022
32687
3995
3997
4001
4000
4002
22625
30851
26255
2350
2351
587
30871
30872
61
411
412
26258
25266
25291
25263
25288
25293
25264
25289
25265
25290
25286
25267
25292
32444
32442
32443
32441
31046
31045
3742
32551
32552
32378
32501
17162
17161
2024
35946
35945
12400
12401
12402
19840
30149
25175
22806
41583
22807
22805
30148
25176
25177
41584
1298
25178
22804
1299
19839
41581
1300
41582
28455
29941
31624
2640
10640
10639
28566
20377
20379
8749
15050
15051
36196
41319
32508
33523
33524
19145
39723
27501
409
14860
42163
18258
4008
4141
403
8738
8739
8740
8741
8738
8739
8740
8741
31922
31925
31924
31923
34500
52822
3975
5599
8703
8702
5598
29101
42073
41730
41728
41724
33541
33542
33525
33526
33527
33528
33529
33530
33531
33532
33533
33534
33535
33536
33537
33538
33539
33540
817
25792
818
819
820
1900
3696
25206
3327
33508
33509
33510
33506
33507
33502
33503
33504
33520
33521
33518
33516
33519
33517
33488
33489
33490
33487
33493
33494
33495
33499
33501
33500
21002
7100
18185
18184
9157
22658
22659
22656
22657
35896
35898
35899
35897
35900
35901
32864
32863
32862
6867
6868
5554
25599
24096
2607
36592
2484
24964
24965
24966
52592
55402
2573
22421
1782
22420
52590
52589
36589
5792
36590
2574
30973
30974
30975
20265
20264
20266
20133
10170
10171
10166
10165
26674
15847
15873
15850
15851
15852
15853
15854
15876
15877
15878
15879
15880
15848
15849
15874
15875
6032
6033
6043
6044
41650
41711
41704
41706
41708
41710
41709
41705
41707
41651
15904
15910
15913
15903
15909
15912
15905
15911
15914
41626
20851
22162
7423
41645
17435
17438
17436
17437
40945
614
613
1075
34553
34554
41537
32996
33000
33001
33002
33003
26828
26826
26825
26827
14209
39751
39749
39748
39750
26829
39756
39754
39753
39755
39752
39761
39759
39758
39760
39757
39766
39764
39763
39765
39762
39781
39779
39778
39780
39777
39771
39769
39768
39770
39767
39776
39774
39773
39775
39772
39786
39784
39783
39785
39782
39811
39809
39808
39810
39807
39791
39789
39788
39790
39787
39796
39794
39793
39795
39792
39801
39799
39798
39800
39797
39806
39804
39803
39805
39802
8144
8145
8146
34335
40957
40959
40956
41458
41460
41459
42143
42142
42160
10101
10102
22419
1778
22418
36583
1779
2569
52593
42209
42211
42212
42215
42214
42216
42213
42217
42220
42218
42219
9238
9240
9237
9239
76
75
6910
36576
36574
36575
36577
36578
36579
36580
25268
961
31715
26149
2079
2194
2191
2380
18041
18353
18352
25377
1995
1994
36593
2583
21634
6840
10318
62
17131
5815
5818
5817
5819
5816
5965
9033
3822
2601
2600
2599
2598
2597
2596
19162
30928
33113
42408
3820
10735
21179
21180
21181
21182
40231
21157
35938
43824
43825
25216
25378
24973
34656
30927
24974
21303
42149
25035
24972
24971
5849
25034
5850
5851
25379
24975
25376
10836
16619
16620
16621
16622
16623
16624
16625
16626
16627
16628
30028
30027
34835
2224
32203
5831
10091
26121
26319
26759
20241
20242
26120
20243
2654
13872
18381
2655
29706
2652
19130
19128
19129
33262
13607
30176
32573
32572
28793
28792
29745
29743
29744
29742
2360
2361
2404
2403
2588
2587
2604
2603
2133
10805
12749
21358
29920
6311
4798
39639
11910
12782
39640
39641
2171
41408
46241
46242
29108
34350
34351
4550
50019
698
5163
5162
33348
19919
41441
31044
31043
22945
23921
18907
2677
3344
3273
3272
33569
42103
40313
32624
5439
35794
28769
28767
28768
12452
12451
6846
34587
33609
18052
31842
20231
28794
21086
31722
6421
6420
40212
39954
39897
2928
23113
39312
38038
40133
3978
39947
3976
3977
39922
2220
28685
12265
6606
42166
21250
5094
152
7251
27554
39170
20332
188
2227
39617
39579
32403
29766
35076
2185
2545
27205
12202
19338
4065
9028
27522
40114
3517
23694
23695
23697
23696
30797
28778
20788
31988
31987
18866
9026
5248
9027
9029
9025
29888
15985
2006
15465
104
103
7351
7350
10661
30066
4161
2282
27445
41311
2970
19430
24723
34840
34349
4745
20150
23104
21560
12820
34515
42221
16895
31042
19852
25369
26518
11930
21095
27230
24452
20229
32440
27215
23639
25981
2926
2223
12268
12267
30665
2849
2710
2709
29072
29069
2182
2183
2418
26193
19810
31101
17767
33312
15931
31572
4815
2222
17984
40067
17272
2436
32507
11141
31675
21300
21299
2842
2927
35848
32759
32758
2633
2632
31703
2790
14196
14197
5006
2971
2969
2828
2826
2857
2856
4871
19945
3762
30185
25593
25592
11232
11231
28797
28796
6646
3274
15349
15347
15348
15755
372
369
3377
33237
38574
2217
38092
26324
27064
10148
37352
18270
2117
28592
14988
14986
4170
8798
8797
32656
25386
25388
25390
25385
25387
25389
25392
25391
11417
11418
2684
24534
29776
42409
42410
15625
33195
27430
32535
25401
31898
40217
40237
40227
30929
20149
31031
2221
32319
42091
14010
2234
4924
28722
28723
3032
7054
2602
2942
2943
32294
7355
33011
33014
41
18360
18343
15984
31299
20322
3378
30129
30130
4848
18061
18060
30842
29769
16468
4672
5856
27029
16708
34730
3771
3810
37825
25588
34968
17976
17978
29768
24021
26109
4107
4109
41210
4106
4108
26494
19435
3308
32631
34706
10267
42141
30024
11050
5808
16307
30606
30783
23117
19125
9171
9173
9170
9172
9200
9202
9199
9201
9195
9196
9191
9192
9193
9194
9206
9208
9205
9207
9229
9231
9228
9230
14169
14170
14171
6660
6664
6668
6663
6667
6661
6665
6662
6666
7344
7345
7343
19915
19917
19918
19914
19916
17768
37990
41541
41544
41543
41542
4949
22097
32455
23156
29737
29736
29767
42249
42250
9819
9190
38790
32114
32115
32116
32133
32117
32132
32144
32143
16860
16688
599
1
3
26286
26281
31950
542
2957
26285
26283
26284
26288
26289
26287
541
540
543
11701
18201
30124
30123
12041
12004
12159
12161
12162
12160
25190
25191
12043
12042
9059
9060
9062
9058
9063
9061
33578
33579
27028
27027
8843
8842
7466
6185
6187
6186
10489
10077
15167
15166
972
8775
26311
23288
23291
23297
23302
23299
23294
23289
23292
23298
23303
23300
23295
837
838
41410
16714
16715
32532
4791
4793
4792
4797
11336
14382
31582
20127
32536
18482
189
14041
14040
14016
14017
28674
28673
973
24841
20186
20189
20190
20191
20188
20184
20185
20192
20187
20183
1985
1986
6382
26721
26720
30170
31796
39307
39308
39306
39305
35832
35834
35831
35833
32458
9150
9152
9151
10992
10994
11001
10993
11002
11000
10988
11004
11003
10999
10995
10990
10989
10997
10998
10996
10991
24781
24780
6642
24968
7346
12765
34727
25942
10229
40417
40418
30169
34402
34403
34404
34405
11236
21873
3276
30033
30019
29741
30071
5158
11356
3307
608
40
153
26122
39687
4162
18951
39720
4172
612
40367
4138
611
4267
4265
165
4134
4135
4132
4133
4131
4111
10607
4112
10608
4113
10609
4114
10610
4115
10611
4116
10612
4117
10613
4118
10614
4119
10615
4120
10616
4121
10617
4122
10618
4123
10619
4124
10620
4125
10621
4126
10622
4127
10623
4128
10624
4129
10625
4130
41217
41212
41219
41214
41218
41213
41220
41215
157
155
156
41221
41216
303
7143
12330
12323
12322
12320
12337
12339
12341
12343
12345
12347
80
79
6912
609
610
19921
19936
19937
19938
19939
19940
19941
19942
19943
19944
19920
43991
43992
619
618
99
4175
4165
4166
4176
539
589
29983
29984
29985
34782
34781
34780
13
4816
1296
9663
1297
40315
2886
2885
2896
2897
2898
2899
2902
2901
2900
2905
2906
2907
2908
2909
2910
2911
53242
2919
2920
2921
2972
2973
2974
2929
2934
2935
2958
2962
2963
2964
2959
2960
2961
2965
2966
2941
10055
10050
10051
10052
10053
10054
9364
9365
9366
9367
10049
9359
9362
9361
9360
9363
26119
25939
25940
25938
25941
26118
11402
29731
5084
888
25738
5085
30151
5083
889
895
30152
18225
30155
5086
25744
25742
15691
30154
18227
8771
893
10074
892
25741
18226
836
25821
25602
839
24229
834
41656
2784
835
899
901
887
15690
30153
32628
890
25739
18042
18043
18044
891
25740
894
25743
575
24104
36596
36595
5791
576
574
5556
5555
3466
6181
3467
14873
6182
14874
42397
41611
41610
39682
39681
39680
11113
1118
17991
1121
1120
1123
1122
1125
1124
17990
4729
26729
33638
11914
11913
11912
11911
2357
2358
2801
2803
2802
2798
2799
2800
16059
17989
17988
39162
41615
11702
7092
25438
25439
37729
31632
41759
25393
30935
30934
12812
12815
12814
12813
27433
27436
27435
27434
1089
25772
5348
3802
12889
11492
24711
21361
6944
41671
41672
19224
6984
29771
11398
3265
18597
42822
24726
24727
24724
24725
12941
2864
15413
30919
30914
30915
32079
32456
42840
42841
42167
42169
42168
42171
42170
42173
42172
42175
42174
42179
42180
42177
42176
39549
42377
42378
42379
42380
42381
42382
42383
42384
42388
42389
29081
1734
1736
26458
42852
42164
42165
2075
2076
2077
2078
2073
2074
4751
4752
4753
4754
4749
4750
15576
15578
15579
15577
15948
15954
15956
15955
15952
15953
15949
15951
15950
36675
36673
3880
3884
1356
42396
9471
9711
40755
36682
9712
40759
36687
9037
2890
2889
2887
63
64
25762
1049
31749
41721
2297
16586
16585
16588
16594
16593
16587
16589
16590
16591
16592
17322
37444
309
20370
2218
2219
31629
31630
4821
4819
9204
9203
42969
42907
42908
42588
38069
38070
20134
9334
42206
17670
38803
38804
38805
31999
2447
703
19999
702
42937
42938
42939
42940
42941
42935
42936
42965
23945
2606
34774
34775
34776
34777
34778
41400
4674
5904
5903
5902
5905
27060
27061
27062
27063
27065
27066
43010
43008
43012
43022
43007
43006
43026
43016
43011
43021
43014
43013
43015
43004
43009
43018
43020
43023
43024
43003
43019
43017
43025
43005
20882
20884
42996
42995
42998
42997
43081
43080
36677
36679
15062
40750
40752
14309
14308
42999
1343
1384
42393
16703
16812
16702
33037
42394
30832
30831
30830
2310
4061
21274
40751
40753
9714
42392
40757
36684
2891
9035
40761
36689
9713
36678
36680
2895
4835
2894
27500
1355
30856
30855
1290
1285
1365
1383
1291
1351
6212
1347
1353
1349
1352
1358
23054
1354
34312
34313
34314
34315
6161
6160
6159
6158
14516
14567
14517
14638
14596
14697
14667
24749
24880
12894
4822
4328
4329
16266
25186
37745
37744
37742
37741
10057
33584
33583
26834
11495
40942
649
11497
11469
955
1344
1341
9661
1359
1345
1348
1346
1357
1350
43158
43246
43119
1203
4824
43469
43468
44781
44780
43485
43484
42832
42831
2409
2448
28657
28801
28660
28658
8742
25174
25184
25183
20844
20845
39676
39679
39678
39677
26248
26249
42506
42507
33186
33187
33188
14565
14694
14635
14600
14595
14637
14671
14521
14515
14564
14693
14514
14701
14666
14571
14665
14664
14642
14636
14594
14696
14566
14593
14513
14695
14738
39697
39700
39699
39698
14796
14798
14797
14800
14799
14802
14801
14804
14803
14807
14806
14805
12560
12559
3885
3893
3887
3886
3889
3888
3891
3890
3892
1301
13703
1304
1303
9715
36676
3967
3968
5045
3928
27503
20803
20804
19165
19167
19166
34486
34489
34488
34487
25169
40715
40433
40716
4048
4050
4049
42649
42390
4051
4053
4052
12895
4054
12896
37975
37965
37972
37967
37968
37971
37966
37973
37974
4028
4029
25171
26754
25185
25172
25189
14411
2020
2022
1987
1996
1997
27978
10283
1287
1288
10056
23381
43695
38091
43656
43632
43642
43639
43638
43633
43648
43641
43651
43657
43647
43650
43719
43720
43696
2657
43717
43718
43629
43645
43654
43636
43644
43635
43653
43724
43726
43715
43716
43701
43705
43702
43703
43704
43709
43710
43706
43711
43712
43707
43708
43692
43693
43676
43677
43675
39154
39156
39155
39158
39157
39159
43849
43700
53263
4980
4982
4979
4981
16650
34732
31944
22456
1333
34334
11112
34935
34933
11510
30150
34934
40951
40950
20341
25362
31616
31617
903
44296
43989
43990
43761
43762
43763
6847
9400
9401
9402
9403
30390
43950
43951
43948
43949
9083
15138
9077
9078
25383
25424
25423
25422
25428
26144
26145
25590
26146
26147
26148
25381
5015
5016
5039
5038
5037
57197
15983
55099
8767
36492
3918
34958
36095
35992
36097
35994
20790
16600
5989
5990
5991
5992
5947
10727
10728
10725
10726
44604
44634
44633
44616
23626
23627
23625
23629
23630
23628
1732
1733
39118
16105
5848
16645
16644
26768
2618
18411
13608
13609
23543
23544
23545
10852
11948
11949
2236
43721
12253
12254
19052
3828
19053
40421
31692
43754
44054
43034
43035
43033
43032
7532
23936
23937
23941
23940
24910
23938
23939
11675
33309
43857
44607
44619
43858
43860
44608
44620
43861
43862
44609
44621
43863
44623
43864
44622
44611
44624
44629
44626
43865
44612
44625
44628
44627
21355
44631
44614
44601
44727
43988
6277
15998
15997
21392
21613
12309
37383
37382
46231
46075
46071
46073
44787
44788
44789
44790
44791
44792
41696
44786
46077
45398
45399
46082
46083
14896
45479
45468
45484
45475
45483
45481
45469
45470
45482
45478
45480
45473
45474
45472
45477
45476
45471
18183
45756
9568
45755
9567
45350
45340
45349
45353
45351
45347
45346
45345
45348
45344
45352
16115
4615
4616
4559
19846
19847
33219
33191
33185
33184
33192
33197
33190
10034
2225
10033
9978
9979
10035
10036
10038
12737
46068
46069
10000
10001
16080
16077
16079
16078
46238
46239
46229
46230
45489
45491
45486
45485
7814
7811
26268
26269
26276
20900
20892
20901
20120
20886
20899
20117
20887
20889
20891
20888
20890
20121
20124
20125
20122
20906
20897
20126
20871
20903
20893
20870
20894
20895
20119
20896
20228
20904
20902
20123
20898
20872
20905
20924
21281
21282
21291
20912
21283
21287
21284
21285
20909
21288
20914
21290
20910
20915
20916
21292
20918
21294
20917
20907
20919
20911
21293
20923
20922
20921
20920
21286
20913
21289
20908
21681
21673
21682
21685
21679
21684
21297
21686
21677
21670
21295
21671
21674
21689
21691
21688
21678
21687
21692
21683
21694
21695
21675
21669
21672
21693
21690
21676
21680
21296
21298
21668
31869
31874
31864
31876
31870
31868
31863
31865
31867
31866
31873
31875
31872
31871
31877
46240
29947
29948
3944
3945
3946
3947
4069
4074
4072
4078
4073
4077
4076
4070
4075
4068
4071
4080
4085
4083
4089
4084
4088
4087
4081
4086
4079
4082
18380
13583
13585
13584
25628
25625
25622
4055
4057
4056
27886
27878
27882
16188
16187
16189
1027
24362
44289
2689
2692
9753
9754
9755
9756
9759
9760
9757
9758
9761
9762
5166
15566
24098
24099
46164
46166
46165
46161
46163
46162
46158
46160
46159
46155
46157
46156
30187
4468
4466
4465
4467
19126
27700
27702
27701
538
537
46257
46256
46259
46255
46258
46281
46281
21929
21814
17367
32634
46323
3794
3795
14003
13977
13973
13980
13971
13978
13979
13969
13976
13970
13975
13972
13974
13967
6632
6633
30236
30259
30258
30234
31112
31109
31111
31107
31108
31110
31118
31115
31117
31113
31114
31116
31124
31121
31123
31119
31120
31122
31130
31127
31129
31125
31126
31128
31136
31133
31135
31131
31132
31134
31262
31258
31261
31257
31259
31260
2180
46442
46443
46458
46444
46445
46448
46446
46454
46536
46500
46485
46486
46487
46488
46489
46490
43889
2656
25723
2658
25725
2659
25726
2660
25727
2661
25728
2665
2664
2663
12066
12067
16213
16215
22161
2867
1160
4786
46700
23122
23124
23125
46702
46701
29087
4181
40359
4431
4432
4433
4434
4425
4426
4429
4430
4423
4424
4427
4428
4031
41326
18877
18878
18879
18880
18881
18882
18883
18884
18885
18886
18898
18899
18900
18875
11214
11216
11215
11217
9530
9180
9188
9184
9169
9227
14910
9236
11665
14934
5897
15053
15052
2145
11208
46237
17297
17296
6292
17319
17320
17382
17321
2402
2401
2400
659
20885
3195
12769
12768
39152
41295
41294
41293
41292
14002
46085
46086
32316
32317
43759
43760
43755
43756
43757
43758
12802
15078
15077
15075
15076
15214
15215
15213
47180
47190
47192
47195
47189
47194
47193
47191
28567
14861
41701
5788
13916
13924
13914
13913
13918
13922
13917
13921
13915
13923
13920
13919
29765
42365
42370
42367
42369
42368
42366
23163
23164
21454
21575
21574
3753
6704
6703
3754
33198
1187
1197
1188
44013
44015
44014
15120
15121
47188
30798
41417
41416
41418
37595
37583
37607
37596
37584
37608
47211
47217
47206
47205
47207
47204
47219
47232
47227
47234
47226
47225
47224
47245
47241
47242
47255
47254
47243
25440
25441
47244
47265
47266
47246
47267
47282
47273
47268
47272
47212
47235
47257
47253
47252
47264
47262
47263
47229
47230
47279
47280
47281
47271
47270
47275
47276
47277
4933
4932
1170
25139
1172
1171
21742
21741
25138
21743
37597
37585
37609
37598
37586
37610
1032
23105
31901
31900
31922
31923
31924
31925
18869
18870
31907
31906
31909
31908
31910
31912
34684
31917
31933
31926
31927
37599
37587
37611
29348
29340
29356
37600
37588
37612
37601
37589
37613
37602
37590
37614
37603
37591
37615
37604
37592
37616
37593
37581
37605
11676
24914
24913
24915
24911
24912
11677
11678
24919
24918
24920
24916
24917
11679
11680
24924
24923
24925
24921
24922
11681
11682
24929
24928
24930
24926
24927
11683
11684
24934
24933
24935
24931
24932
11685
11686
24939
24938
24940
24936
24937
24944
24943
24945
24941
24942
11689
11690
11688
11687
11692
11691
24949
24948
24950
24946
24947
8871
8874
8872
8873
8870
24954
24953
24955
24951
24952
11693
11694
11674
11671
11673
11672
44926
44927
44925
44924
6669
6671
6670
20444
20445
20443
20407
20447
20448
20446
20408
20423
20424
20422
20425
20450
20451
20449
20409
20411
20412
20410
20413
20415
20416
20414
20417
20419
20420
20418
20421
41399
41403
18961
2704
15932
15934
3409
3406
3417
7238
7237
28782
28662
28661
28669
28666
28668
44829
44831
44830
44833
44832
44835
44834
29
25
30
26
31
27
32
28
47409
16856
16857
16598
16638
46817
47400
41975
41973
41974
32548
17968
17966
17969
17967
47200
47201
3497
3496
3498
3495
3499
3493
3494
47420
47419
970
51837
51838
3366
22301
51836
51835
1161
46718
11494
312
1181
5254
5253
5256
5255
5258
5257
7463
7464
7465
674
39574
26457
12604
2559
18170
35972
35971
40892
35944
47346
47461
31634
29751
29711
31862
41754
34955
34648
11097
41317
30147
1174
2449
2450
35078
35081
35080
35079
15720
15721
49561
10379
10381
14370
14372
1185
46415
43513
43515
43512
34800
34798
34801
34796
34802
34795
32459
47482
47483
47484
47487
47490
50699
47485
47488
47491
50700
47493
47494
47495
47486
47489
47492
50701
47497
47496
47498
47499
49935
3254
3255
23310
23307
23312
13115
23306
23314
17199
23311
17203
23308
23313
17204
17200
23309
17196
17197
17201
17198
17205
17202
17206
23315
23317
23316
42204
43108
46910
46911
43108
46910
46911
43108
46910
46911
25154
14366
5960
5959
2680
2681
48927
48928
49405
49406
48212
48205
48206
48209
48211
48208
49398
49397
49399
49401
49402
49396
49395
49400
49403
49404
48915
48912
48912
48913
48914
48916
49437
49436
49445
49446
49447
49448
49451
49450
49473
49413
49414
49415
49416
49409
47524
47532
47526
47533
47528
47534
47530
47535
47760
47761
49407
47762
47763
49439
49394
49392
49393
49391
48592
48765
48591
48736
48737
48738
48739
48246
48244
48245
48218
48219
47549
47548
47545
47551
47544
47550
47547
47546
47552
2865
2866
46324
46325
46326
41816
41815
47570
47571
49555
49556
47522
15491
48305
29740
42801
36494
49544
49545
49546
49547
49548
49554
49553
49550
48203
48201
48202
48200
48199
2613
2612
16974
5043
5044
5044
5043
33227
47573
47574
47575
47543
47536
47537
47539
47542
47541
47540
47538
49560
49558
49559
47589
47588
47581
47580
47583
47582
47598
47597
47564
47563
46622
47505
47934
47934
48413
48414
48415
48416
1178
1180
1179
5544
5543
5546
5545
5548
5547
5549
44913
48967
47773
47990
48189
47945
48858
48901
5002
13891
13892
13893
13894
13895
13896
8982
8983
9258
9259
8995
9079
8984
8994
9080
9081
16494
862
4692
3680
861
24042
860
869
36609
4693
2186
49577
49582
49573
49581
49575
49579
49580
49576
49578
49571
49572
49570
49568
49574
49569
49583
46250
46249
46248
41646
41644
41733
36611
387
25213
394
43713
43714
49204
49594
49595
49596
49592
49593
49609
30916
30917
16893
49613
49612
40362
20855
43772
43778
43769
43775
43770
43776
43768
43774
43773
43779
43771
43777
43739
43765
31958
31960
31959
31957
31962
41422
31956
31955
31953
31954
31961
31966
31965
32503
32504
46366
46365
46376
46343
46340
43736
43744
43745
43733
43746
43747
43731
43732
43748
43749
43750
43751
46338
46344
46347
46346
46345
49912
49917
49915
49916
49914
49913
49918
49920
49919
49921
6364
6363
3480
993
3730
41438
19222
12982
7527
23596
32485
32486
32487
6845
6843
6844
27432
27431
6302
6301
15065
15066
15063
15064
15068
15069
15070
10487
2098
6188
4307
25761
14373
43491
43487
43490
43494
43495
43497
43488
43496
43489
43493
43499
43498
43492
34858
34859
4787
4788
26273
1156
1157
46719
9408
9406
9405
9407
9404
49930
49927
49932
49931
49929
49928
49937
49936
49934
49933
17953
17954
17955
17956
17957
49939
49940
49942
47481
49938
49941
1114
26282
26290
27047
30020
30022
30025
30026
30031
49491
49995
40407
40403
40400
40406
40402
40401
40404
40405
42992
42994
42993
7206
7208
7207
7219
7220
7258
7221
7223
7222
15770
15771
15772
15773
15774
16129
16130
16131
16132
16133
16134
18159
18307
18308
18309
18310
18311
19025
19026
19027
19028
19029
19174
19680
19681
20452
20453
20454
20455
20482
20483
20485
20488
20489
20490
20491
20492
20493
20495
20497
20498
20499
20500
20501
20502
20503
20504
20505
20506
20507
20509
20510
20511
20512
20513
20514
20515
20516
20517
20518
20519
20520
20521
20522
20523
20524
20525
20526
20527
20528
20529
20530
20531
20532
20533
20534
20535
20536
20537
20538
20539
7260
7259
7231
7232
7233
7234
7240
7239
7230
7250
7245
7227
7225
7248
7228
7229
7249
7256
7254
7255
7246
7252
7257
4886
28777
51
12723
12725
22735
22736
22737
3268
11728
11726
11727
11721
11722
11723
3833
23611
390
389
388
5624
5623
5622
40178
2673
2674
26042
26081
26082
50036
50046
50043
50044
50042
27362
42009
47592
47593
47594
47595
15518
15519
24799
584
26267
964
965
1322
24908
24909
30659
30661
30656
30660
30868
30657
30658
24087
24088
26462
30358
42590
12045
12046
12048
12047
3191
3190
45726
45727
45728
45729
45730
45731
45732
45733
45734
45735
45736
45737
45738
5842
5843
20873
48947
48949
48948
49614
49616
49615
49618
49617
49658
49657
49673
49605
49602
49603
49604
49607
49606
2859
46569
46711
46572
46712
46710
46575
46574
46577
46576
46579
46578
46585
46584
46583
46582
46581
46580
46573
46589
46852
46591
46590
46709
46707
46708
46692
3817
3816
46690
46609
46610
46611
46612
49091
49093
46673
49092
46629
46613
46634
39652
39653
30717
32191
30719
30718
46608
46607
46688
46691
46614
46615
41897
41896
29720
46659
46658
46661
46660
46600
46601
46602
46603
46604
2272
2271
46596
46598
46597
46599
46592
46595
46593
46594
2308
24321
46605
46606
46674
46675
39388
39487
39461
39460
46616
46617
46618
46619
46620
46621
46680
3360
39724
29867
43126
43124
43125
43123
43122
36217
36604
36218
14205
14206
14203
2937
2938
2936
37882
37979
37980
37983
37999
15244
15243
15245
15225
15216
15206
15207
15208
15209
15210
21094
21093
21092
21008
2281
32685
9610
20232
20234
20233
20235
20251
20250
41867
20237
20239
20238
10416
50112
50115
50114
50113
50149
50150
50116
50118
43743
50154
50155
50157
50158
50159
50160
50161
50162
50145
50146
6423
6425
6427
6429
6431
6433
48349
48350
48351
48352
48353
48354
48355
48356
48357
48358
48359
48360
48361
48362
48363
48364
48365
48366
48399
48400
48401
48402
48403
48404
48405
48406
48407
48408
48409
48410
48411
48412
48396
48397
48398
48374
48375
48376
48377
48378
48379
48380
48381
48382
48383
48384
48385
48386
48387
48388
48389
48390
48391
48392
48393
48394
48395
14204
6881
6882
39674
48766
36219
49170
4883
5597
43752
38522
38521
886
4273
15103
5350
25932
12857
24105
885
10295
15045
32159
32160
1175
1177
1176
5176
5177
30069
30068
57610
57611
57612
57608
57609
57607
1813
40462
40463
40442
15041
24107
30828
30829
43740
637
4974
4945
25624
25621
25623
25620
51347
51346
52816
52815
50875
53016
53017
52797
52798
55199
52799
51485
51491
51489
51487
51365
51931
52394
50741
52413
52405
51583
50747
50900
50899
50898
50897
51617
51616
50888
50889
50887
51853
50893
50894
50895
53020
53021
53022
53023
50879
50880
50881
51362
55236
55235
50890
50892
51768
51769
52717
52718
52720
52448
52450
52449
57209
52451
51831
51830
51829
51832
51757
52728
52727
52729
52509
52512
52511
52510
52513
52514
51374
51373
51372
51770
51771
40446
40468
40469
41023
53062
53063
53065
53064
53069
53068
50870
50866
51384
51382
51380
20810
20801
9313
16508
53045
53046
53049
53050
53054
53055
53056
53077
53079
53078
53081
53080
53082
53093
53092
53094
53096
53095
53101
53100
53102
53187
53103
53088
53091
53090
53089
53085
53087
53086
51576
51574
51573
51575
18413
18414
18415
51746
52433
52434
51881
51882
51883
51884
52712
52696
51885
51886
51887
51888
52741
52742
52714
51892
51893
51894
51895
52733
52734
52735
52711
51889
51890
51891
52713
51876
51877
51878
51879
51880
52739
52740
52715
51896
51897
51898
51899
52730
52731
52732
52710
52694
2997
2979
3018
2978
50855
50857
50856
10383
10385
10382
10384
1162
5540
5539
5542
5541
51368
51369
49182
49184
49186
53125
53126
53132
53133
53147
53146
53144
53143
53149
53150
53138
53139
53154
53152
53155
53157
53156
53140
53142
53141
53158
53159
53164
53165
53072
53170
53186
53153
53137
53136
53124
1101
1100
52010
51998
52000
52001
51999
52013
52012
52008
52011
4300
4301
4253
4252
15598
15600
15599
15961
15962
15963
15964
15965
15966
15967
15968
15969
12103
12104
12105
16250
16251
16252
6911
18507
18506
18508
3400
3394
3394
3397
16177
16179
16178
51587
51589
51588
53224
53223
53222
4676
683
11493
7434
25731
12293
42428
10269
10271
6916
51430
51431
51428
51429
51426
51427
51424
51425
52580
21772
10553
47451
29726
3303
17423
17424
5157
5156
52454
22706
22708
22707
29866
51401
51400
15122
4714
16168
49179
24692
2869
2868
52695
52693
54694
52704
52703
52698
52700
52699
52697
52706
52736
52737
52738
52716
52724
52725
52726
52721
52722
52723
52702
52705
52708
52707
52709
50083
50082
50085
50084
50087
50086
50091
50096
50092
50090
50093
50097
50089
50088
50095
50094
50140
50142
50141
15073
15072
15083
15082
15080
15081
130
129
117
126
127
128
124
119
125
123
122
118
121
115
120
116
26194
190
255
32635
651
679
678
1816
1817
1989
44918
44919
51754
2057
2056
2063
2062
2064
51733
51736
51735
51734
2107
2141
2181
2439
2438
7327
7330
7329
7328
53255
53241
53256
53238
53240
53252
53254
53234
53236
53250
53251
53237
53259
53258
53258
7333
7340
7335
7334
7337
7336
7339
7338
7347
7349
7348
7331
7286
7287
7302
7354
7326
7320
7323
7317
7274
7385
15840
15841
15842
15843
15844
15863
15866
15867
15868
15869
15870
15864
15865
15838
15839
15837
2918
53011
53012
2544
2543
10321
24842
31707
31706
50153
50152
50143
50117
50122
50123
50124
50125
50126
50127
50131
50132
50133
50135
50134
50136
50137
50138
50139
2235
2258
34850
34847
34849
34848
2237
2241
34674
34658
2240
2247
2246
2249
2250
2248
2342
2356
2354
2355
2368
2367
2370
2366
2369
2371
2421
2423
2424
2426
2425
2422
2435
2434
2476
2478
2477
2525
2524
23690
2530
2533
2578
2577
32091
9155
7090
2580
2579
2582
2581
2584
2619
2620
2636
2635
2650
2678
2707
2708
2711
2794
2851
2850
2858
3230
3339
3234
50858
26671
26672
26655
30375
26654
30374
19050
19051
19047
19048
19049
10296
6806
26231
6807
26232
15039
14381
16246
20439
20442
20441
20440
22670
22691
27678
27680
27679
30826
30827
1103
4656
5880
12440
15093
17306
16814
16745
16874
16875
21027
21030
21031
6569
20345
44031
630
1113
36613
36612
43766
12409
12407
12408
4683
14764
15567
20059
23178
23179
39138
39137
49654
47949
51724
51727
51726
51725
32468
50564
39450
17551
17667
17552
17910
17909
23065
31619
35914
38050
38052
38051
38054
38053
38056
38055
12125
31716
33083
38042
38043
47316
31892
36195
36201
2786
2787
2788
2789
20087
20088
20089
20090
20571
20572
20573
20574
36387
36390
32073
32147
32074
32185
32158
5917
5918
31047
31048
31049
31050
31051
31052
3527
3529
3528
3610
3662
3962
3964
3963
4064
4066
4546
4544
4543
4545
4617
4671
3206
11937
11939
11938
17647
18144
17982
18145
4746
5052
5053
5055
5164
15679
14872
25773
27548
27547
27546
5168
5167
42092
5169
40218
7167
7482
7168
24089
39718
23679
23681
23683
23685
23687
23689
5582
5581
5619
5618
6045
17158
40729
41954
1095
11603
1102
44805
44807
44806
44808
44810
44809
44811
44813
44812
44814
44816
44815
44817
44819
44818
44820
44822
44821
46743
43741
43742
43753
51720
12969
26180
26765
30933
30932
48799
48798
48801
48810
48814
48809
48804
48813
48806
48803
48815
48811
48812
48808
48802
48805
48807
48800
44632
44615
44602
52436
46845
909
53907
53903
53901
53905
53906
53904
53943
36553
53291
53292
53290
53296
53298
53296
53299
53296
53302
53296
53300
53296
53301
53736
53737
53296
53297
1088
6849
6875
6876
6877
10662
44930
54114
54115
54116
20633
20635
20637
20639
20632
20634
20636
20638
30704
30705
32451
32452
51824
51822
40214
40221
47969
47752
47751
47968
47750
47967
53826
28655
28656
30269
30270
53349
53607
53809
53810
6894
6897
1202
4823
11423
2542
2068
2058
2060
4794
29107
395
30376
30377
32602
32601
3730
7527
12982
41438
19222
33016
8752
8754
8753
35836
35835
8784
8783
8880
8879
9143
29329
29328
9318
9317
9319
9316
18326
18327
24729
24728
9436
9437
9443
9440
9441
9439
9432
9434
9431
9433
9430
27098
9738
46438
9472
9607
9608
9611
9625
43886
31585
9662
9707
9706
10090
10163
10162
10273
4411
10375
7516
11637
11636
10559
10558
10048
10804
11010
11009
11022
11024
11017
11018
11019
11025
11021
11023
11020
47407
47408
47415
47416
11441
11668
11667
11867
5976
5975
24907
15144
963
6561
6450
11926
11966
11967
12477
12478
15947
15946
12539
12540
12655
12736
12745
12744
22856
22858
22857
12750
12763
12873
12766
12767
12806
12808
12809
12807
21158
21159
21035
11724
50714
50713
50715
13476
14224
14226
14225
14232
14231
14227
14230
14229
14228
14238
14248
14247
14239
14240
14241
14234
14235
14233
14237
14245
14246
14243
14244
14242
14236
32128
14743
30188
14880
53289
52429
50746
52701
15202
15201
15191
15116
15115
15127
15128
16639
15522
15572
15571
15664
15665
15668
16114
16113
20805
9315
9314
16506
16633
16632
16635
16634
16636
16637
16649
17232
17233
54149
54161
54271
54272
54273
54274
42597
17235
17301
17300
17303
17302
42594
49185
34498
29082
53656
53657
53654
53655
53662
53663
53650
53651
53652
53653
53639
53646
53647
53640
53641
53658
53659
53664
53665
53642
53643
53660
53661
53644
53645
53648
53649
18224
9326
18888
24535
18889
18890
18958
18959
51577
5847
30198
30201
19039
19159
19171
19753
24874
24875
24876
26760
52647
52648
52647
52648
37381
30200
30199
54736
55177
55183
55065
54904
54903
54880
54878
54877
54874
54876
54872
54875
54871
54870
54873
54879
54902
54900
54899
54896
54898
54894
54897
54893
54892
54895
54901
54891
54889
54888
54885
54887
54883
54886
54882
54881
54884
54890
54928
54926
54925
54922
54924
54920
54923
54919
54918
54921
54927
54774
54773
54533
54534
54775
54776
54917
54545
54548
54551
54554
56919
56922
54544
54547
54550
54553
56918
56921
54545
54548
54551
54554
56919
56922
54543
54546
54549
54552
56917
56920
55132
54943
54704
54705
54373
54375
54377
54372
54374
54376
55198
55063
55064
55074
55351
55346
55349
55344
55348
55350
55345
55347
51540
55203
54277
54941
54942
55178
55190
55191
55180
55194
55184
55179
55182
55192
55188
55186
55196
54378
54379
54380
54381
54382
54383
54701
54723
54715
3641
54522
54519
54527
54528
54530
54699
54700
54427
55006
55005
54697
19996
20369
20666
20673
54744
54711
54712
54708
54709
54710
54952
54955
54956
54557
55022
54718
54719
55019
54727
54730
54726
54729
54728
5609
41697
6179
5610
10504
6180
36606
10505
52646
54868
54869
54867
55413
55416
55412
55411
55414
55415
55227
55226
55229
55228
55232
55231
55230
55233
55211
55210
55213
55212
55216
55215
55214
55217
55219
55218
55221
55220
55224
55223
55222
55225
54279
54280
54281
54285
54286
54287
54288
54289
54290
2209
2206
2201
2202
2204
2203
2205
2208
2207
55643
55641
55642
55638
55639
55640
55644
55677
55648
55690
55686
55665
55660
55663
55662
55664
55687
55651
55659
55698
55675
55704
55654
55700
55673
55702
55681
55645
55695
55653
55646
55691
55661
55699
55671
55672
55685
55670
55697
55667
55679
55696
55703
55688
55692
55707
55689
55657
55693
55706
55678
55668
55650
55658
55682
55676
55656
55701
55647
55680
55684
55669
55652
55666
55674
55705
55649
55655
55683
55694
55732
55739
55713
55742
55756
55765
55721
55749
55718
55711
55769
55723
55734
55731
55761
55768
55724
55751
55715
55767
55727
55766
55745
55764
55753
55763
55737
55760
55759
55758
55725
55719
55747
55744
55720
55736
55750
55730
55729
55712
55757
55710
55770
55755
55735
55754
55752
55740
55741
55748
55728
55746
55743
55738
55714
55762
55717
55708
55726
55716
55709
55722
55733
30716
32127
30946
30715
32126
55513
55484
55526
55522
55501
55496
55499
55498
55500
55523
55487
55495
55534
55511
55540
55490
55536
55509
55538
55517
55481
55531
55489
55482
55527
55497
55535
55507
55508
55521
55506
55533
55503
55515
55532
55539
55524
55528
55543
55525
55493
55529
55542
55514
55504
55486
55494
55518
55512
55492
55537
55483
55516
55520
55505
55488
55502
55510
55541
55485
55491
55519
55530
55568
55575
55549
55578
55592
55601
55557
55585
55554
55547
55605
55559
55570
55567
55597
55604
55560
55587
55551
55603
55563
55602
55581
55600
55589
55599
55573
55596
55595
55594
55561
55555
55583
55580
55556
55572
55586
55566
55565
55548
55593
55546
55606
55591
55571
55590
55588
55576
55577
55584
55564
55582
55579
55574
55550
55598
55553
55544
55562
55552
55545
55558
55569
44763
44606
44762
55614
55607
55615
55608
55616
55609
55617
55610
55618
55611
55619
55612
55620
55613
55621
55775
7392
10415
10360
55424
55426
55425
54514
54513
55047
54720
54721
54722
54731
50541
11174
11175
30107
2300
10817
28560
28559
32655
36079
36080
35982
35983
52814
52813
2033
2032
55897
55893
55894
55895
55900
55892
55898
55899
55896
55891
55890
16866
16868
16867
16870
16869
16871
430
9508
16861
17236
18172
55874
55889
55885
55882
55888
55884
55883
55886
55887
51730
55812
55913
55965
55966
55968
55967
55933
55937
55935
55941
55939
55943
55919
55923
55921
55927
55925
55929
55952
55931
55932
55944
55945
55953
55954
55963
55916
18030
20040
24572
24573
24574
24575
24576
24577
24571
24578
24579
24580
24581
24582
24583
24584
24585
24586
24587
43101
43102
52581
55915
55914
20985
20986
24588
24589
24590
24591
24592
24593
24594
24595
24596
24597
24598
24599
24600
24601
24602
24603
55957
55958
55867
55869
55868
55871
55870
55873
55872
18054
18055
18056
46467
46470
46469
46468
46516
55956
55955
31856
31857
3624
48589
724
11606
5881
5494
6406
6408
6410
6412
6413
6414
6415
6416
6896
24767
10178
10179
54517
21394
21455
21870
21869
21880
21881
21922
21921
21924
22299
22298
22668
22784
22786
22785
22788
22790
22789
22791
22792
22793
23042
23045
23043
23055
23636
23698
24041
24110
24152
24151
24154
15158
20716
34346
30823
30825
30824
30822
30833
30801
30835
30838
32454
30804
30839
32453
30834
30836
32450
30799
32449
30800
53139
30837
24669
24670
24668
24671
24682
24681
24710
25397
25578
25580
25579
25582
25581
25583
25607
25767
25766
25782
25880
26113
26277
26278
26279
26280
26418
26417
26461
26379
26380
26519
26633
26693
26692
56076
56077
56078
56076
56077
56078
56076
56077
56078
56076
56077
56078
56079
54539
54484
54492
54490
54483
54480
54478
54481
54486
26873
26874
27256
27773
27775
27771
27772
27774
27776
28621
28622
28623
28624
28625
28626
17432
28652
28653
28665
28664
28724
28727
28772
28835
28855
28890
55865
28915
28930
28931
29063
306
29102
29705
29732
29735
29734
32542
29739
29738
29874
29746
35981
29747
29748
29749
29750
29834
29835
29773
29879
29996
29995
32543
8713
10362
8715
20808
20807
42243
42242
46310
46309
46311
30021
30108
30109
30125
30126
30135
30134
30128
30127
30145
30146
48550
48552
48551
48554
48553
48555
48533
48535
48534
48537
48536
48545
48538
48547
48546
48549
48548
30179
30180
30519
30521
30522
30520
30523
30532
30534
30539
30537
30542
30550
30551
562
23943
23942
566
30942
30727
30725
31556
31555
31557
43868
31558
40386
31674
31690
31691
31766
31791
31806
31807
41950
41951
31989
32461
32460
34482
34481
563
23947
23944
51875
54692
31822
31990
32052
32056
32055
32053
15992
15994
15993
590
591
32075
32077
32076
32078
25419
32162
32156
32157
32161
32084
32083
32153
48452
48451
48449
48448
48450
32293
32295
32296
32297
32298
2094
37548
32457
32462
32479
32488
32557
32558
32559
41540
41539
6081
6082
15677
32575
32576
32578
32577
37987
37986
32619
32636
20329
20330
51515
51516
52396
52397
32742
32741
32755
32756
32757
33196
33214
33252
15846
15939
15941
15872
15940
15942
12006
12005
55876
55877
55875
55878
55881
55880
55879
51748
51752
51750
54949
54950
56004
55988
55989
55990
55992
55991
33586
33585
33588
33590
33592
33587
33589
33591
33595
33593
33596
33594
28522
34319
34345
34401
34422
34431
15995
15982
15855
15881
15858
15859
15860
15861
15862
15884
15885
15886
15887
15888
15822
15883
15856
15857
15923
15922
15925
15926
15927
15924
15845
15871
34435
34436
16104
55979
26325
12257
34857
11005
34499
34501
34510
34504
34509
34508
34506
34507
34505
34516
34659
34665
34664
34663
34666
45338
34856
35796
50332
35858
35855
35860
35857
35859
35856
35862
35863
35866
35865
35864
35861
35868
35867
35870
35869
35879
35878
35887
35889
35888
35960
35959
35963
35962
35961
2156
2157
2158
42641
54228
42643
42642
42645
42644
54229
54230
54231
54232
54233
54236
54237
54238
54239
54240
42646
56080
56081
56083
56082
50079
50078
50080
47320
47321
26198
56130
56131
56132
56110
56111
56112
36598
23970
23971
36597
20200
20209
20204
20206
20205
20201
20207
20199
20208
20203
20202
1025
20364
8776
15145
50272
50271
50273
10129
22724
13595
13594
13596
12245
12244
12248
12247
12246
12243
54504
54505
54506
54507
54502
54572
54574
54573
54576
54575
54578
54577
54580
54579
54583
54582
54581
38041
17153
12475
12474
12476
47781
48004
34426
2294
12467
12468
9156
7096
7098
7097
7099
9148
7102
2459
23527
23526
16284
16283
9099
9123
9115
22733
22975
38040
38039
50333
50334
50335
50336
50337
50338
6333
6331
6332
27888
33147
30014
27897
27896
27880
27881
27895
27884
27885
38533
38535
38530
38531
38534
38536
14283
38532
2124
31583
33114
33115
33116
33117
33118
33119
33120
33121
33122
33123
33124
33125
24040
24037
24038
24036
6830
40955
6076
6079
6078
6077
20999
20996
31038
31037
31034
31035
31036
3408
5594
5590
5591
5589
2299
41329
41330
20995
37582
55301
55303
55302
7110
7112
7111
19157
19158
56231
16672
56230
11489
11496
11490
17897
17898
600
18003
875
48297
48295
6257
6259
41308
51379
51565
51560
51561
51558
20824
20825
51584
51005
51496
7076
7058
7089
7066
7065
7071
7068
7073
7072
7082
7074
9146
9147
7081
7079
7078
7077
1116
1117
39392
7018
18171
12610
10457
10458
2884
56241
56240
56245
56244
56239
56243
56295
56296
56310
56282
56235
56236
56237
56250
56251
56252
4275
55241
55243
55242
55245
55244
55247
55246
36600
56294
56253
56290
56291
56271
56268
56270
56269
56267
56272
56298
56299
56263
56277
5165
47411
47410
5178
5179
25465
16640
45183
45867
26317
6275
34580
34582
34581
34584
34583
34586
34585
44761
4035
4036
2714
44934
44826
44825
2712
2713
2716
2717
4266
3769
11390
10081
11392
11391
5895
5896
53666
53675
53670
53671
53668
53669
53674
53672
53667
53673
53723
53795
53794
53797
53796
53799
53798
53801
53800
53802
53724
2721
2722
2492
2149
10522
3479
4182
6435
6434
18040
1105
6274
55406
55409
55408
55407
6276
13589
40888
51364
2824
2823
4370
4983
3799
3971
661
3973
665
3797
3974
662
2176
3972
4984
3798
666
663
660
664
667
20802
37345
21445
21446
25137
25122
25123
25122
25123
56242
56360
56359
56234
56249
56372
56358
56248
56265
56367
56363
56362
41720
41713
41715
41717
41719
41718
41714
41716
56366
56368
7444
680
681
7409
54781
27541
25764
20350
6574
629
6568
20344
27538
6947
632
20347
6571
37405
37404
628
41757
6572
20348
633
20346
6570
41756
631
54780
41755
7445
682
30278
3029
24005
36498
39394
47935
48179
25765
54779
26140
13590
23632
47875
47877
47876
48110
48112
48111
48114
47879
47878
48113
48116
48115
47881
47880
48118
47883
48117
47882
3309
47871
47872
48106
48107
47873
47874
48109
48108
34728
49183
49187
1090
15462
1092
1091
9622
4690
25784
24103
1093
1110
1111
1115
1898
1899
9704
9705
5346
5347
46677
12887
12888
3182
3801
15091
4271
10259
16900
4702
26044
26043
10724
5345
5614
6194
6195
14849
7182
7439
14850
7187
14853
22821
22820
7404
7504
7505
14364
25783
1096
8694
15681
12979
39483
41653
22768
22767
22771
22765
22766
22770
22769
25823
4833
4834
24156
5159
5160
31885
31761
6620
6623
6622
51932
23305
12312
12313
12311
12318
13481
12319
8770
9514
9621
10491
10492
12886
12885
12973
14050
209
5430
5431
4588
4587
47351
20352
1094
2286
56381
56380
56379
56378
21106
9327
16499
21000
53506
12405
12406
18039
3353
3354
50316
50327
2700
21906
21907
16892
16890
16891
5888
5889
5887
5893
5891
5890
25781
2832
2834
51517
2095
11877
18874
57113
56935
56780
56781
56782
56690
56692
56691
56681
56680
57114
11080
744
57116
57115
56942
56943
56944
56438
56437
56393
56397
56449
56624
56786
56787
56782
56956
56958
57064
57096
57097
57095
57099
57098
57102
57285
50940
57112
57186
57189
4067
57092
57093
57091
57090
57094
57067
57068
57065
57066
57069
57329
41316
56625
56626
56627
56628
56629
41332
56985
56986
56996
56997
56989
56996
56997
57547
57548
57549
57550
57574
57288
57604
57605
57196
57082
57083
57081
57080
57084
57586
56938
56939
47372
47374
47373
57283
56419
56418
56421
56420
56425
56426
56428
56427
56431
56430
56436
56433
56435
56434
56439
56440
56441
56448
56443
56442
56445
56444
56447
56446
56416
57593
57594
57595
56933
56928
56931
56934
56930
56927
48716
56524
27677
27676
57087
57088
57086
57085
57089
57077
57078
57076
57075
57079
14645
56649
56648
56651
57604
57605
56983
56978
56980
32534
56622
56621
56623
57561
57562
57518
57520
57519
57522
57521
47208
55321
57072
57073
57071
57070
57074
7133
57013
57014
57015
57012
56957
56945
26074
53694
53695
53696
53697
57602
57601
3021
3019
3020
56947
56948
56950
56951
57631
2284
42200
3431
3212
57307
42202
42201
56994
56995
56991
56992
56993
56717
56718
56719
56612
2572
36588
52588
57279
57278
51572
55410
57328
404
405
34483
34484
50938
57271
56603
56604
56605
56600
56601
56602
1193
1195
1196
1192
1198
52407
52406
1191
51824
51822
25421
51852
1190
51086
51085
25420
57308
35875
35876
596
597
56994
3024
24350
17390
20955
26075
26076
57667
271
18243
9522
30749
28647
57666
21785
21783
21784
26332
57677
57678
57679
57304
57306
57305
57300
57302
57301
12577
12577
12577
12577
50337
46693
46694
46695
46696
46697
53188
6905
6904
6903
37826
39573
39572
39570
40308
40309
54515